-2.503895584000844776e-01
0.000000000000000000e+00
7.093154238660596134e-01
9.999966654228045204e-01
1.114551888366180632e-01
1.303994728938003556e-01
0.000000000000000000e+00
2.263489909944585321e+00
-2.757373583258725946e-01
3.663362999408671661e-02
8.649776912072309467e-04
-3.062219684297599609e-01
2.817828108437083756e-01
3.153867260258572669e-01
2.393191259318425829e-02
1.614667168454925888e-02
-1.570439733136798632e-01
1.131564713505761322e-01
-8.439038755549826964e-03
-1.075895807900047359e-02
5.146678577762446860e-01
6.944022184156652955e-01
4.290985453875407751e-01
-2.153494327484785087e-01
-4.470468237030836289e-01
-2.512510973709847217e-01
8.846455707631743380e-04
4.465605660604273219e-01
2.811159234789516459e-01
-9.042909238640268743e-01
-3.600505956828525811e-01
-8.358316783613890799e-02
6.347078540019607251e-02
-2.428925118864089239e-02
6.482237637745977832e-01
-3.631163188562289840e-02
-6.451762013506504023e-02
2.391102889699260881e-01
-6.444475503393351512e-02
1.773839056430289995e-01
4.197161343587977322e-01
-9.991443844891003678e-01
-4.829581226011639417e-01
6.450966953955024064e-01
8.550240902787483721e-01
-9.743378120261299014e-01
-3.587195078272066295e-01
1.844278110130050941e-01
2.844776523281196123e-01
5.068330250294028616e-01
4.945017385770261731e-01
5.267574545593399771e-01
3.012080665095642762e-01
-1.447953952219847296e-01
2.805225385314010778e-01
-1.483520369693435426e-01
1.741470149475467244e-01
-7.159211496854516188e-01
-3.547413271831043602e-01
2.508906754619676382e-01
1.622151581348255101e-01
2.161824055553975554e-01
2.316736390809506496e-01
-1.208879690044321747e-01
3.353635255978829749e-02
9.790826378756477544e-01
8.816356951107767737e-01
-3.133532713639217843e-02
-3.448045679058396318e-01
-6.335614219975910233e-01
4.217764331154073010e-01
9.594158411242597051e-01
-4.662592895777545321e-01
9.984651875194037185e-01
2.403905752655939032e-01
2.739170757208558848e-01
3.955315861835440039e-01
5.791735235526173087e-01
5.233394981067965857e-01
-5.174961090201105618e-01
-5.511436118198459466e-01
-5.878963508358060475e-01
1.356784458075027677e-01
-3.197509972565530569e-03
-4.997598830467244180e-01
-9.112440663005358377e-02
-7.636470915058776732e-02
-2.225829079991463733e-01
-4.599562853794507133e-01
2.190461767045286945e-01
1.277062838208153084e-01
-1.000000000000000000e+00
6.392451943288145477e-01
9.387683020856399940e-01
4.891448650415129024e-02
1.000000000000000000e+00
5.385128857446440653e-01
8.049668403501826497e-02
6.798883393351385918e-01
-3.578002567360883800e-03
3.806257747697140981e-01
7.735974570494523750e-01
1.666512665127897197e-01
-8.028458123208339625e-01
6.956550398339969021e-01
1.379845443661240068e-01
1.388610104983394877e-01
-8.097895072132726968e-01
-4.509633782275976333e-01
8.331703349474682829e-01
3.523574747281555952e-01
2.551945317592401730e-01
-1.839196793514936978e-01
-7.675162018913709305e-01
-4.041204619269772591e-01
7.612506550054568555e-01
7.843153807728006077e-01
9.415420937991142436e-01
-4.352254586969466765e-01
-4.578730446739006088e-01
1.000000000000000000e+00
4.821914750619160084e-01
-6.578600110615050456e-01
9.998899966677476936e-01
1.158367859672641970e-01
5.619847313183938819e-01
3.695372079127948878e-02
-7.329194833134937415e-02
5.151266186019136661e-01
-1.062648953239107436e-01
2.151672704096573852e-01
9.934276014011319544e-01
-8.056996407487999612e-01
9.801495724630271411e-01
9.670840879521809264e-01
8.900747534882151868e-01
9.998362943258085611e-01
1.000000000000000000e+00
4.177470805338481807e-01
4.783865354216395027e-01
1.000000000000000000e+00
1.000000000000000000e+00
1.000000000000000000e+00
-9.754006055243508166e-02
4.838106037278645799e-02
6.618207228607666526e-01
2.775333433692203089e-01
5.122325815583120834e-01
3.604832083867002823e-01
-2.566455633954535798e-01
-4.959210357004935621e-01
-4.842265277898207820e-01
-5.050319429286610484e-01
-5.206908824678131431e-01
-2.095794599327061858e-01
5.452364783803421711e-01
2.116430043251446291e-01
2.129625050812525566e-01
1.000000000000000000e+00
3.839681815936674125e-01
2.017018041076717172e-01
8.466235882485545483e-02
-2.304933750925302338e-01
6.203085001076269478e-02
6.739763522359107362e-02
3.845739532366074243e-02
6.942469808595516656e-02
1.739196797341291401e-01
1.396124202358580146e-01
1.389990686652737839e-01
9.324743537093897749e-02
-1.167274460737428438e-01
-1.340493529933503847e-01
-1.417460107764996202e-01
-1.438235741353476593e-01
8.264884379336824571e-02
1.859284687076228626e-01
1.744094540397389537e-01
1.781203805505080229e-01
1.337313009406676800e-01
-1.727832390939678664e-01
8.707306305571373140e-02
1.091592845872918771e-01
-1.378499644668642332e-01
