-2.503895584000844776e-01
0.000000000000000000e+00
7.093154238660596134e-01
9.999966654228045204e-01
1.114551888366180632e-01
1.303994728938003556e-01
0.000000000000000000e+00
2.263489909944585321e+00
-3.901043740333662857e-01
-4.415474149750055199e-02
-5.309426722422289080e-02
-4.036161905483929280e-01
2.656347809776906099e-01
3.087278721664830639e-01
2.885233062052122155e-01
2.859375941798046328e-01
-1.750798722245990036e-01
1.641634534660024458e-01
3.384469430556183434e-02
3.207557005483124835e-02
5.539238756786598605e-01
6.513096521269423622e-01
9.915464380465920380e-01
5.152174380829215306e-01
-1.878744392485618420e-01
-5.571849568646120021e-02
-3.313802092487490303e-02
4.889842397151663023e-01
3.761962696687423668e-01
-5.959632356061322911e-01
4.327250989906823025e-02
-4.515584183795403050e-01
5.001873038820141976e-02
1.107246817352984247e-01
1.434856254376754292e-01
-2.168154373345355934e-01
-4.577362814662201962e-01
-4.546853394422237932e-02
-4.478531021571335868e-01
-1.640182555112419949e-01
7.323512430813879925e-01
-7.558019142019780645e-01
-5.563781812684326367e-01
1.323983365753531871e-01
1.103415619308255741e-01
-6.366313049530937240e-01
1.543036422070902802e-01
1.487001744818113591e-01
5.421445278787995203e-01
6.260824364566994760e-01
6.194213079183614745e-01
3.452739015087173402e-01
5.966117614491613930e-01
3.897836886667758738e-01
4.526155660720460050e-01
1.217684892455211665e-01
8.422060987350871164e-02
-7.384630523401569668e-01
-3.309863761120685477e-01
1.106959188793759374e-01
-1.097960006662602322e-02
3.933654111490562932e-02
-5.464760536238640054e-02
-4.777288136595148615e-01
-3.983254561796023552e-01
1.910997291611128135e-01
7.192842708742507307e-01
3.508450078418470092e-02
-2.669248827461458973e-01
-1.093060875886219946e-01
2.270022067329843518e-01
7.580422236102261069e-01
9.942613485626146108e-01
9.591166851512051839e-01
-6.493147323818634908e-02
1.478880508108383618e-01
1.005328958663027350e-01
2.030732192936966218e-01
2.083328431958137161e-01
-1.849963913187627762e-01
-1.968041587038147355e-01
-2.238017262648046291e-01
1.593747669248362919e-01
-7.420793036392911435e-02
-4.939573901199157402e-01
-5.480428148921645537e-02
7.560766024553269848e-02
1.026194607585298596e-01
-2.368040086534791422e-01
5.534456082744446670e-01
3.806878837856417924e-02
-4.790533430296111672e-01
-5.724135364041016416e-02
2.598038006602828021e-01
-5.081418497102765386e-01
2.770221389431137479e-02
1.696579660069482409e-01
1.739618209656774162e-01
9.740194148165452759e-03
-4.537688731388670599e-02
-1.339397744142390712e-01
-2.161814226530608118e-01
-5.687876711980356381e-01
-8.532877512357487371e-01
3.745073233465920914e-01
1.784708543331879962e-02
4.844054830141006351e-02
-6.063014920174419897e-01
-1.000000000000000000e+00
6.007588086349208156e-01
-2.496700465367670749e-02
-2.040358522449811085e-01
-4.461614550761025533e-01
-5.277660629823829330e-01
-8.415759585657696107e-01
-3.609033259091133927e-01
-3.030399094080806766e-01
1.775100356923031697e-01
-3.456623607696507894e-01
5.265824324568274539e-02
1.000000000000000000e+00
2.249573973504727098e-01
-8.488655244955028989e-01
9.251380894664549270e-01
-4.632679474234270567e-02
-2.897364141987478492e-01
-6.024016160253188312e-01
2.054706753778046402e-01
5.420163671894060453e-01
-1.257823485017161569e-01
-5.960679324331216167e-01
4.816504088112178450e-01
-2.638769187697821428e-01
5.509241878626406352e-01
1.000000000000000000e+00
9.499382805096978633e-01
6.626422733628252182e-01
1.016675193472166561e-01
-7.432727184481145999e-01
-5.041041373446174534e-01
-1.832396090457444615e-01
6.827900643671458436e-01
1.000000000000000000e+00
-9.652773671525473331e-02
-8.079897716377457129e-02
2.051434008777466289e-01
-4.868111057200557451e-02
3.772474721369389883e-01
3.155575659868350424e-01
2.555244168301402663e-01
-2.783401794537290752e-01
-3.413578633282440822e-01
-3.508280060265549505e-01
-1.031276945763629771e-01
2.564301100177691639e-01
2.681560322223380810e-01
2.718496983035921799e-01
1.837022204013492310e-01
4.072698419709807061e-01
7.841862888082742900e-02
7.918984996904659956e-03
3.670565191856713372e-01
-7.440807633879948924e-01
-1.853554210818926518e-01
4.274579470742598253e-01
-2.142219989122240431e-01
-2.703144976771937325e-01
2.995902357183589104e-01
3.615411058190642346e-01
3.563312137871427199e-01
2.071651333784277904e-01
-4.519772229759934645e-01
-3.868835638490462636e-01
-3.402193118437384367e-01
-3.820662693777338026e-01
8.785856356358737185e-02
1.014191732948825225e-01
4.767311291827029396e-01
4.962588566133205870e-01
4.465378219063633747e-01
4.893311027935681179e-01
3.563983040684904902e-01
3.485253161490539653e-01
-1.826953765646635586e-01
