-3.059563106270388744e-01
0.000000000000000000e+00
7.093421988632014896e-01
9.999986085318077755e-01
1.114708718043836005e-01
1.304025944401153436e-01
0.000000000000000000e+00
3.642918673433120258e+00
-4.385723026372488342e-01
-6.561357264369267750e-02
-1.204830751107298231e-01
-4.679642923065711613e-01
4.473295655618811373e-01
5.106738785173897677e-01
-5.287408871506012881e-02
-8.595239311472280264e-02
-1.828214476960324242e-01
1.451413981844791867e-01
-1.458380388445116305e-01
-1.705582426738600499e-01
6.838506925348284415e-01
8.210372427277952134e-01
7.781037582608205661e-01
-4.654624889499981572e-02
-7.827618747658665610e-01
-4.615198958443784139e-01
-4.084643933233505497e-01
6.777359550501631524e-01
4.294011325149890701e-01
-9.928971462887270505e-01
-7.359365076736967826e-01
-3.639156297110950344e-01
-2.758739272665886588e-01
-4.140266585651722342e-01
8.836301323710084032e-01
-6.432447427797394202e-02
-2.845750665241884581e-01
-6.986057850719298856e-02
-3.110240134859592609e-01
1.012010267772765343e-01
4.113868311448614645e-01
-6.828252121832869559e-01
-6.796644576788787306e-01
3.749960005430607035e-01
7.830506890353036153e-01
-9.263007600222952220e-01
-2.782894938931885775e-01
-6.160797933332109273e-04
1.918628261848676075e-01
4.920255889541990113e-01
5.201268071889523226e-01
4.441311169218700172e-01
4.523330941636464209e-01
2.138132664389077314e-02
3.801728000716054767e-01
2.882313938421664501e-01
1.109532588683199011e-01
-9.931560885557907392e-01
-4.093011507246581138e-01
2.603374806398476293e-01
2.794063606311554260e-01
2.236889050693162129e-01
2.560056926069214644e-01
-5.453978566758965058e-02
3.589037868736684456e-02
9.063343224554475386e-01
7.579708050671112307e-01
-6.642207795490175093e-02
-2.428343577761051530e-01
-4.468068209130153234e-01
1.729323413738828863e-01
8.515835253513740488e-01
9.802817235903720228e-01
6.419576143363036058e-01
-2.059536132593987705e-03
1.673346930314372483e-01
1.870198054631229123e-01
1.674271991872954279e-01
1.580274231083222958e-01
-4.875255494822420821e-01
-5.285545925043259041e-01
-5.503137851039570094e-01
-4.907228182766622260e-02
-1.198542047082470086e-01
-5.100717788299876654e-01
-9.891227624303242094e-02
-7.804434213144038901e-02
1.937171741708282671e-02
-2.439123689841909137e-01
4.480337385710281839e-01
-6.822109985336577420e-02
-1.000000000000000000e+00
2.967565866503653615e-01
9.907700947517076306e-01
4.276987200013587093e-02
1.000000000000000000e+00
8.825584077637875779e-01
9.352749999714911056e-01
6.778984386017332664e-01
-1.224043964886011374e-02
3.349683136333779232e-01
9.932486464631773426e-01
-9.788490848052142090e-02
-8.036053101275668631e-01
7.296996308560314004e-01
9.809078517335043101e-02
2.372440075695056161e-01
-9.983473909024928039e-01
-6.934158802692929058e-01
9.486075209584127199e-01
6.952944165650301045e-01
5.881480828853915543e-01
-3.520474842249816660e-01
-7.966730779545974084e-01
-7.860889173315178668e-01
9.904532010084582394e-01
1.000000000000000000e+00
1.000000000000000000e+00
-2.128521650970164325e-01
-2.434428726919940777e-01
1.000000000000000000e+00
7.271424045712621131e-01
-9.642056067847804002e-01
9.958636215193091834e-01
8.883452613937103948e-02
4.076453079308818284e-01
-1.589791254218204386e-01
-6.861909404679230606e-01
8.069792167424024720e-01
-2.490932980137942621e-01
-9.002097396267581819e-02
9.944220617796571959e-01
-5.773474028379518286e-01
9.641201181162502021e-01
8.701068743387883053e-01
9.933841404143617382e-01
9.672222329650184136e-01
1.000000000000000000e+00
1.575066042481235162e-01
7.431756406745246846e-01
1.000000000000000000e+00
1.000000000000000000e+00
1.000000000000000000e+00
-2.341151806587357109e-01
-4.408544185468359911e-01
9.398494193157584942e-01
2.930655146879306838e-01
4.247448625693852620e-01
3.264728793713101984e-01
-9.610332134038913621e-01
-7.143259546175069197e-01
-5.956316130359891048e-01
-6.992685499971853513e-01
-8.400912811734493335e-01
-8.190771048603022741e-01
3.652114520833109057e-01
1.320249551497953422e-01
3.670764570325170117e-01
8.951217538081318592e-01
6.076530244027397165e-01
5.543168073045958710e-01
1.306252619402685222e-01
-3.747443836738442724e-01
1.659644545266878435e-01
1.533666821033828620e-01
5.853763911197799874e-02
5.938920947006867332e-03
4.967033815894892346e-01
2.020946897961703737e-01
2.343873968781789996e-01
2.488124666313514810e-01
8.641329421500208718e-02
-1.476952684789397396e-01
-2.828045896425473438e-01
-4.724029938611197244e-01
2.018890204092118335e-01
5.237896650591231662e-01
2.022392317371564663e-01
2.255004375453436016e-01
1.065411775407081596e-01
-2.233275714537500678e-01
2.512532268841557448e-01
-2.506548401433220108e-01
-4.796326180723967658e-01
