-3.059563106270388744e-01
0.000000000000000000e+00
7.093421988632014896e-01
9.999986085318077755e-01
1.114708718043836005e-01
1.304025944401153436e-01
0.000000000000000000e+00
3.642918673433120258e+00
-2.855911809538342339e-01
3.554652209750415459e-02
2.391101447648935618e-02
-2.984007935722637339e-01
2.461282397914242304e-01
2.988833283370971317e-01
2.720338343345656273e-01
2.708723300855154781e-01
-2.267881240040650892e-01
2.031374220896049465e-01
1.728836516571663831e-02
1.736081511716088682e-02
1.324085952559126422e-01
2.906593641694636965e-01
4.820446070402656380e-01
2.348140650211983371e-01
1.772945670625611370e-02
7.005205542597059409e-02
6.419400826305245167e-02
1.915646057529004076e-01
1.004986905597390068e-01
-3.385507773878648208e-01
-3.291633258458745437e-01
-2.954283972250459356e-01
8.653510742099477029e-03
2.983985296442056082e-02
7.201486067201248037e-03
7.228681524369752476e-02
1.383689580673577724e-01
-9.114256305696528948e-02
-3.004888681626968205e-01
-2.155798418727529822e-02
9.177938104231477823e-01
-5.248702571140788642e-01
-5.997538391051492335e-01
4.459113884740341649e-01
4.462928327476464729e-01
-2.572815624816253699e-01
1.482776216331970487e-01
1.299483344691861574e-02
1.304521173365892350e-01
5.255849749713958907e-01
5.446767935674097227e-01
2.190624685475894839e-01
8.465655587020388950e-02
-6.600306938954110872e-03
5.837423070155930427e-01
2.047307997469953803e-02
-3.141614470494281663e-01
-7.831268016405126264e-01
-3.887783669296409061e-01
2.293781845684120246e-01
9.362678435019340384e-01
-5.790795628548828927e-02
-4.201045127477364208e-03
-2.249122093151047497e-01
-1.339103208273476897e-01
1.457656565214682787e-01
5.809016975437212293e-01
-3.252178981633318394e-02
-1.984089158583667023e-01
1.423409289406685763e-01
-1.060848035185474880e-01
4.838808391557311572e-01
9.129122739671579057e-01
7.586544680635548543e-01
4.656724111408566680e-01
1.173693536510812124e-01
8.619718789244928958e-02
7.268463019131503333e-02
6.792035620619078784e-02
-2.034286782671870797e-01
-2.307949861870861874e-01
-2.323859592441379629e-01
1.775089295807789347e-01
-6.905792907070501530e-02
-3.309935763585579171e-01
-1.134190331708302690e-01
-7.424702030237174954e-02
-7.824081791422683729e-02
-2.291412639894682968e-01
4.926537626906409839e-01
4.747378804314023037e-01
1.296094990514513323e-01
2.556059317362145422e-01
3.595482575199638875e-01
-5.038437163295810262e-01
2.825931606537437218e-02
1.633381902777359673e-01
5.495589766715496260e-01
-4.702216922113132136e-01
-5.722542503661545016e-02
-1.288282889557245958e-01
-5.696688110691243423e-02
-1.385338598274046817e-01
-4.001206238055193820e-01
-1.076733455958761437e-01
-1.068340087161134822e-01
-1.141097821932051948e-01
-2.333336386969883935e-01
-5.649473118466394883e-01
3.509937755437198548e-01
7.994030899452968242e-02
2.410920361566110115e-01
-4.728830737346421120e-01
-6.822213066178337559e-01
-2.975504301871932378e-01
-1.166991161066048693e-01
-4.977195849096438529e-02
2.784993819382002855e-01
-2.181637721105892935e-01
-1.161574413891292429e-01
8.320147326805580335e-01
5.851931429802774698e-01
3.095914238834735488e-01
4.924386070563991358e-01
2.572030627309950801e-01
-2.196369487125130193e-01
-4.507087570416987710e-01
-2.801290954654688803e-01
2.678015738280615787e-01
5.793677632383751469e-02
3.623385831463255685e-02
5.959324327254701403e-01
1.674807257020133888e-01
9.586656991858596988e-02
1.872783660618267121e-01
8.722381764003407367e-01
7.102244230728975705e-01
9.583358480340031793e-01
7.809906611097504614e-01
2.727632276480778661e-01
4.243528948084767105e-01
8.556156947159692105e-01
1.000000000000000000e+00
-1.354074032959603525e-02
2.451350107056112781e-01
4.251277325082873371e-01
3.838204295288270007e-01
4.356686304985197822e-01
3.696383539628278481e-01
3.629033814125229296e-01
-3.420313484773434554e-01
-4.356670226706190752e-01
-4.398439870473312974e-01
-3.795039110535217697e-01
3.558779277324422008e-01
3.503808909394532933e-01
3.910502486149098345e-01
2.631087217171310111e-01
4.032412340980727761e-01
3.176314286422349809e-01
2.412463529662276229e-01
2.263703324266488626e-01
-1.504421672653396824e-01
9.805554830178797587e-02
7.840620361649230929e-02
5.072987872068206172e-02
2.098997929182019190e-02
3.167256240466020389e-01
2.403440223918767438e-01
2.381019317537123869e-01
2.155208205468642779e-01
-2.970582414890279854e-01
-3.027933258601158140e-01
-3.043839968635104754e-01
-3.108184203944102664e-01
1.409641712616574727e-01
3.149048885846950641e-01
2.673516714760509339e-01
3.313020110415073605e-01
7.804360057483375468e-02
-2.501077807322599211e-01
6.131168957171440753e-02
1.261428208561720110e-01
-9.250248979694211671e-02
