-2.503895584000844776e-01
0.000000000000000000e+00
7.093154238660596134e-01
9.999966654228045204e-01
1.114551888366180632e-01
1.303994728938003556e-01
0.000000000000000000e+00
2.263489909944585321e+00
-2.831359996341825669e-01
1.208807381978269369e-01
1.113498616294493343e-01
-2.911753161913618326e-01
2.629686262797771845e-01
2.959218654075576604e-01
2.638526491380018268e-01
2.626085742973806592e-01
-2.067842809785883362e-01
2.045432311163046801e-01
1.054786654467118473e-01
1.041190976588731998e-01
4.129350823735654652e-01
5.172519898645063785e-01
5.419400079149332417e-01
1.978849263593356334e-01
1.408061388017519712e-02
6.095063222367945455e-02
1.571745521472142915e-01
3.032022769733273004e-01
1.735256260033408993e-01
-8.740003346935314443e-01
-3.467887643355393457e-01
-4.462866403547174898e-01
5.655989484027956760e-03
-4.447284469475300955e-02
1.228296645023934930e-01
9.626963001621487159e-02
2.142287016800976107e-01
2.941193417791386211e-01
-2.513944307940296774e-01
1.635010833806305741e-01
7.396546416164933024e-01
-5.292620730184455224e-01
-1.123960480049718963e-01
1.178122876912633815e-01
3.542127956266784006e-01
3.300497913002204547e-03
-2.115078029926327485e-02
1.235060789336008963e-01
3.502212837828856395e-01
6.085913462973799870e-01
5.527779547704713137e-01
3.102046601252921310e-01
3.928874307855456105e-01
2.116679807742449793e-01
4.078579387795083222e-01
-5.597398903265742298e-01
-2.606970389625800077e-01
-5.590770223967737040e-01
-2.145196461985349745e-01
-2.852947243473197281e-02
2.383561165106170276e-01
3.191391789245755922e-02
-2.786238057098277404e-03
-3.556594479394016295e-01
-2.500803350429918193e-01
2.462931906315068697e-01
6.512124725685636273e-01
-6.424958781977246902e-02
-3.582329668416031065e-01
-8.626530870032948772e-02
1.268733196745688019e-01
5.844378517124741990e-01
9.236994522758052995e-01
9.521938424777404153e-01
2.796216598638794903e-01
1.739599272160187726e-01
9.331486398514486635e-02
3.073354770606438469e-01
2.891711338528965558e-01
-9.930112407576234534e-02
-1.268384776234313394e-01
-1.311800183361832572e-01
1.934938445102247773e-01
-1.360043195767811353e-02
-3.433391041079199013e-01
-1.098780699169183972e-01
-6.417633279483876685e-02
-1.248045980063481331e-01
-2.842212740510416946e-01
9.536182112439087200e-02
2.203468652323039845e-01
4.532996534413794021e-02
2.571032023373717168e-01
2.878393281778865997e-01
-5.899420425972692339e-01
-1.121095028589469238e-03
1.896366413600779066e-01
2.800571226730783070e-01
-3.355640331279371308e-02
2.821640532433910414e-02
-1.045761975287408801e-01
1.796349784850698739e-01
-3.296737453452521296e-03
-5.064601606547771695e-01
1.859256506360517924e-01
-5.190691930394802228e-02
1.069026711766034726e-01
-2.927329126245268864e-01
-5.131932587615330998e-01
4.529906128313672120e-01
1.583604372898330392e-01
2.805911839478941738e-01
-4.668790975435311852e-01
-5.118398190962604177e-01
-4.908782030098693960e-01
-5.280843965674669911e-03
6.244035119960989616e-02
3.762745950305295684e-01
-2.398319093351736209e-01
-1.987128931279449340e-01
1.000000000000000000e+00
3.631592490775686355e-01
-2.207491770792955332e-01
5.255808362792790955e-01
2.553371901144942946e-01
-9.836017199265158911e-03
-4.398818147477042140e-01
-1.626583261071059272e-01
1.631077789715686954e-01
-1.850642629853890830e-01
-2.061039427729388085e-01
7.660083361021450266e-01
-3.272029572275079179e-01
2.114970474366207609e-01
3.852229069465999967e-01
9.705474976533177145e-01
7.474130538697083548e-01
9.400903637890685172e-01
3.847135709146007332e-01
1.245796488753834474e-01
3.753521794679919310e-01
9.949626344917900100e-01
1.000000000000000000e+00
-1.202233597934454917e-01
1.565669425273472637e-01
4.621480523691347542e-01
3.841367347388867648e-01
4.958590854354902877e-01
4.313712202703923748e-01
3.753879710806165559e-01
-3.245991907325020409e-01
-4.932256392339587348e-01
-5.017193368915634499e-01
-3.770864685489851431e-01
3.292742059109188268e-01
3.804095429465071398e-01
4.411120968928692876e-01
2.411679814559898050e-01
4.594801716085091248e-01
3.021349115865309964e-01
3.077330257216733811e-01
1.925076757812299311e-01
-2.860287717636051941e-01
1.503903338085000319e-01
1.001157595999364880e-01
6.718054878117170337e-02
8.425083587392047380e-02
2.678681271066248870e-01
1.739065083733497552e-01
1.687352070225682232e-01
9.130903808828905177e-02
-2.097156371509877326e-01
-2.178544640680147304e-01
-2.212202559806143165e-01
-2.331249891633132565e-01
1.109542119889796591e-01
2.788973256982941740e-01
2.608583727844495104e-01
2.890684594764498239e-01
2.367970474065500819e-01
-1.655926839740396173e-01
1.822192669013477095e-01
2.031410444621251921e-01
-1.972770619375320000e-01
