2.478810769817370585e-01
1.702450891518120901e+00
5.113640064098695648e-01
4.497741603951525002e-01
2.923921497175890893e-02
9.999999999999999547e-07
2.040032066600905563e-03
1.000000000000000056e-01
-5.480551618812360415e-01
-2.439506755879096433e-01
-2.502105876526559136e-01
1.154952483146300668e-01
-6.020198642936879230e-01
-7.155192873900003692e-01
5.365175775408045356e-01
2.389175949741378646e-01
-5.662775254443951356e-01
-9.018297558452952334e-01
-3.368411491896418641e-01
1.026194938741443186e-01
5.295838082286898896e-01
2.767396103416902564e-01
9.066561719967736188e-01
8.195121528261322119e-01
7.110651814545978500e-01
5.956150143662745089e-01
6.159233355472174681e-02
1.345154945868868579e-01
-1.222096717437355130e-02
3.560361004405794283e-01
3.558084281841168428e-01
4.878483836846818633e-01
-5.977364767361944553e-01
-1.000000000000000000e+00
-9.889670552493292632e-01
1.000000000000000000e+00
-1.000000000000000000e+00
-7.855457303622267462e-01
-1.000000000000000000e+00
-1.000000000000000000e+00
-9.998226413068519447e-01
1.000000000000000000e+00
1.000000000000000000e+00
8.684820350637674213e-01
-9.489693991008901763e-01
-8.911677226612898517e-01
-4.941038702104070812e-01
-1.000000000000000000e+00
-9.404593596110571996e-01
6.020117144963511580e-01
-1.000000000000000000e+00
2.894391589171551038e-01
-1.000000000000000000e+00
-1.000000000000000000e+00
-2.677393757473682800e-01
1.000000000000000000e+00
-1.000000000000000000e+00
-1.000000000000000000e+00
1.000000000000000000e+00
1.000000000000000000e+00
1.000000000000000000e+00
1.000000000000000000e+00
1.000000000000000000e+00
-6.490326409056365042e-01
1.000000000000000000e+00
7.446625136340134787e-02
-9.987265074185639468e-01
-9.918559728717423196e-01
-8.522083756428073809e-01
-9.747879575326959811e-01
-7.113586839133454465e-01
-3.963207872601317433e-03
-9.971254380133139916e-01
4.502593258113187225e-01
-9.971086960284976097e-01
2.084937956211462273e-01
-1.000000000000000000e+00
-1.000000000000000000e+00
9.733962191297053090e-01
4.077325611882370859e-01
7.943233124511608345e-01
1.081373237927711617e-01
6.012869689414911401e-01
9.344237039264543521e-01
9.837805116967114349e-01
2.350531298820399129e-01
4.478287252308103539e-01
3.662315346073138911e-01
1.764252653684522665e-01
1.003123928934220033e-01
1.000000000000000000e+00
8.228078230323396802e-01
5.545575164720432104e-01
4.363614605745120834e-01
-5.487694551654770381e-01
-3.092650445387162272e-01
-3.328600900821754860e-01
-2.829031020976862654e-01
-4.953402056545389565e-01
4.283374970305177387e-02
5.736688182807185843e-01
1.000000000000000000e+00
9.893748755567813302e-02
-3.790631125301146542e-01
9.398486810138033665e-01
-5.456370252151783173e-01
-4.249817421487960822e-01
-3.922727104341370841e-01
-1.000000000000000000e+00
9.915379532369347215e-01
3.150628804382186732e-01
2.297077466638361154e-01
3.687782038463575107e-01
-1.000000000000000000e+00
1.000000000000000000e+00
-8.514122203264677946e-01
-6.729973905085421260e-01
-5.892746280514948864e-01
9.787433338798545712e-01
8.439402632527802650e-01
-7.075895569238978000e-01
1.000000000000000000e+00
1.000000000000000000e+00
9.997994163385822697e-01
6.953255727025011712e-01
-4.887712270718848062e-01
-9.012029924527598101e-03
1.600622443145483520e-01
2.142465685305583456e-01
3.114108665978747026e-01
8.085138930061473994e-01
1.499741935033771512e-01
7.996853743893572730e-01
3.050482507025714662e-01
-1.203988153833131410e-02
1.261512447665492920e-01
8.810191493365791826e-02
4.639254600313128529e-01
3.605078082075662826e-01
3.662985595921817161e-01
-5.243624854719554085e-01
6.408766266170399239e-01
5.364865442880397683e-01
1.464390634428712479e-01
8.340567041484737709e-01
7.821815226575601354e-01
6.485412952416016452e-01
7.349850610208712165e-02
1.811418811428342213e-01
2.757659389102058434e-01
2.030040323621023213e-01
3.149760472309037218e-01
2.202707956556674840e-01
-1.523551631558639208e-01
-6.321401695651293062e-01
-5.641324459021572757e-01
-4.832439856335372652e-01
-4.552107556525066268e-01
-7.911813675548104996e-01
3.152499102582906332e-01
5.377718455403786013e-01
6.929346791374141334e-01
1.000000000000000000e+00
-3.388683671538566533e-01
-6.283105219361727611e-01
-8.412480573687967089e-01
-7.694516057197998693e-01
5.637691801159107341e-02
9.995757850963441493e-01
1.816651633582491709e-01
-3.220568958555145023e-01
5.088015694670893208e-01
3.296624180726083764e-01
2.910236416301315021e-01
-1.000000000000000000e+00
-1.000000000000000000e+00
9.929643670200187788e-01
9.973574204055197789e-01
