-3.059563106270388744e-01
0.000000000000000000e+00
7.093421988632014896e-01
9.999986085318077755e-01
1.114708718043836005e-01
1.304025944401153436e-01
0.000000000000000000e+00
3.642918673433120258e+00
-2.254885240719736172e-01
1.850562096461538242e-01
8.889165407513908990e-02
-3.300879024660634542e-01
2.102401235067571927e-01
3.478902744317324269e-01
1.254977361422331406e-01
1.228088482020023714e-01
-2.115727841165856160e-01
1.878267774879602559e-01
-1.894202704862762293e-02
-2.530409859321436708e-02
4.823932368009291038e-01
5.807045599562605798e-01
6.418533863049463717e-01
3.850823716102974026e-01
-1.862444163283909493e-01
-7.928177622842247363e-02
8.383046875980398882e-02
5.510060530607429063e-01
2.282138949989856169e-01
-5.266769527517553007e-01
-3.328551004957906040e-02
-4.417073952805111725e-01
-7.680201642813044849e-02
-2.614839836110274124e-02
-1.238359280754656316e-01
-9.523651464466743877e-03
-1.052324551230502947e-01
1.451943419105035105e-01
-2.127113736940813293e-01
4.297986340489993312e-02
6.511629542367194379e-01
-7.664194029066677682e-01
-4.161592848956645607e-01
4.099518301070733672e-01
4.452285889797123475e-01
-3.167281389697481075e-01
-3.902608374578028089e-02
3.670802002316968515e-01
2.503570873327558566e-01
7.463187011887956190e-01
7.436195839437899080e-01
5.806317782036096720e-01
4.235654904017668865e-01
9.865681767305427285e-02
4.170291920480293513e-01
-4.213259544551921643e-01
-1.797109754181480945e-01
-5.635693472873914978e-01
-1.960755479494432074e-01
1.497497511796021252e-01
5.882267945016114163e-01
-1.193680091032970070e-01
-1.048428949707569391e-01
-4.000699115526766270e-01
-2.859228689798415379e-01
-7.482545316638368471e-03
7.046362033690367621e-01
-6.990022644740385982e-02
-3.255128239235807186e-01
-1.594574160313648806e-02
1.018508244142810049e-01
4.996457581657964275e-01
8.586661960587016473e-01
8.239943500948679889e-01
1.288812993424989228e-01
1.547058582060491794e-01
1.221217952415952351e-01
2.566868480830984955e-01
2.522027591367094201e-01
-1.571405778794707497e-01
-1.954952956837787692e-01
-1.952167610988790603e-01
2.425368048051611269e-01
2.893414603604334973e-02
-4.216591721008549065e-01
-1.604536458900895635e-01
-1.152499949107920335e-01
-2.046918556565822112e-01
-4.753917755180264160e-01
-1.138849884150133496e-01
1.337239398182015482e-01
2.910340569196226412e-01
4.242851635814646194e-01
3.985651320774543649e-01
-8.063250406666171433e-01
-8.986154783154213024e-03
7.096666362323712784e-02
3.481993438537264729e-01
-3.449401076262124111e-01
-9.091902882892646809e-02
-1.072151529525240156e-02
-3.353768605576885192e-02
-1.898015886339381730e-01
-4.540553749554228635e-01
2.749703301933693611e-01
2.997318948710545397e-02
-3.676591599797960491e-02
-3.421145234212772945e-01
-4.169501440845814200e-01
2.507126674776883335e-01
-1.889639535064088077e-02
1.975272530217174992e-03
-2.359662228342034873e-01
-5.865118589005903216e-01
-8.802595676494119337e-01
-1.995725392681927945e-01
-2.343034108677599092e-01
1.060422159589578944e-01
-2.565306216411502027e-01
-2.505547639562488160e-01
1.000000000000000000e+00
3.770333289650354414e-01
-3.898561155112394427e-01
6.261691358030209154e-01
3.061833723663796164e-02
-3.195046415010836527e-01
-1.000000000000000000e+00
-5.200727362911913287e-01
2.479819759430811343e-01
-3.426276382809127496e-01
-1.108211354125597931e-01
7.463330730367024879e-01
-3.116352767561941239e-01
3.117347193245557091e-01
5.667348350350392971e-01
1.000000000000000000e+00
9.368841359377598765e-01
7.423649978047553999e-01
-5.288030729296855359e-01
-4.096096546689464435e-01
-2.043450397028453644e-02
1.000000000000000000e+00
1.000000000000000000e+00
-3.328794345680604061e-01
-1.379658921591212783e-01
3.726481812941724869e-01
9.822808351118085535e-02
4.304541285418979069e-01
4.053277483932561376e-01
3.696892576298930755e-01
-3.096918820211801426e-01
-3.989749746507967321e-01
-4.069486086877645015e-01
-2.797053340259063603e-01
3.864014516225695028e-01
4.408320849790670626e-01
3.448866096809787840e-01
3.149799695600575822e-01
5.417234109507251816e-01
6.450505655096883117e-02
1.718771579388639614e-01
1.159211774939521850e-01
-4.054560728016598503e-01
-3.054803153579855116e-02
8.250419981800037605e-02
4.058530841615582210e-03
-4.081188998600297768e-02
2.547848974550557810e-01
3.133097159721755509e-01
3.115175411522790871e-01
8.505284590955446145e-02
-2.409569525359513131e-01
-2.375926503894714714e-01
-2.383268544031736658e-01
-2.462525642352367261e-01
1.850964203005266429e-01
2.903648291427187167e-01
2.341805046960465098e-01
3.183792179331469963e-01
3.228190269301320359e-01
-5.172875202905521247e-02
2.426593783619772002e-02
8.664193785775214582e-03
-8.610106520577133493e-02
