-2.503895584000844776e-01
0.000000000000000000e+00
7.093154238660596134e-01
9.999966654228045204e-01
1.114551888366180632e-01
1.303994728938003556e-01
0.000000000000000000e+00
2.263489909944585321e+00
-3.078970295428560822e-01
1.354885877000268531e-02
-1.029360333374687055e-02
-3.323747405088106066e-01
2.802393697819533513e-01
3.333711588226557221e-01
2.927033716899828941e-01
2.915146723111779470e-01
-2.163192439895114949e-01
1.650789596598614406e-01
-1.694545122928240236e-02
-1.697768859846635059e-02
1.084788098679518448e-01
3.009570600486756176e-01
4.428014583509198299e-01
2.163024614975753712e-01
2.255738789750363904e-02
1.035996625766715390e-01
1.000370017943130047e-01
2.254438212944266107e-01
1.401157736448323254e-01
-3.654726106706808753e-01
-3.354666197127977867e-01
-3.095196902719715148e-01
2.460817371937364453e-02
2.476885074240601711e-02
2.076884836939548243e-03
8.836870148712540340e-02
1.475260242580912484e-01
-3.218602704844884116e-02
-3.159015437188602005e-01
-7.042309789181969149e-02
8.838363802131710134e-01
-5.766618008803697792e-01
-4.686582994819928905e-01
4.018253090004494932e-01
4.161147213701941183e-01
-2.429156627992776485e-01
1.514884575423301460e-01
1.898366667768116439e-02
1.158218842107107127e-01
5.673566465053838659e-01
5.846337003079220551e-01
2.396481019103244015e-01
1.095042790264791621e-01
3.867196926005691399e-02
5.420701811622570254e-01
-3.381104593861505858e-02
-2.709722598961420426e-01
-7.719097115116319019e-01
-4.535315114560549143e-01
1.674522533835139659e-01
8.602133512726737319e-01
-5.499238938122241044e-02
1.375788292703028493e-02
-1.871329652139505917e-01
-1.166498780016847481e-01
1.667153122691442113e-01
6.137157659558201139e-01
9.884010667444998940e-03
-1.214665721288180900e-01
8.099573317405900363e-02
-1.084453311260863695e-01
4.281302058093945928e-01
8.309527983152511510e-01
9.634094216203425987e-01
4.371018943130457468e-01
1.064442408719074168e-01
7.269577407747160325e-02
1.837544951549434369e-02
4.414059352690143795e-02
-2.002395061630423967e-01
-2.504750624702815620e-01
-2.471944405697965863e-01
1.738884279848362802e-01
-1.271085442313320546e-01
-3.253483979317669528e-01
-1.249703683703838053e-01
-9.288179718831535148e-02
-1.545933635528658756e-01
-2.325490974168809288e-01
4.132927610892856984e-01
4.545773120792579447e-01
2.175165847203160141e-01
3.317322631577084846e-01
4.109279335319158122e-01
-5.298308081624690802e-01
8.306827988192526380e-02
1.431789865014802543e-01
4.917090448152859339e-01
-4.549581187144213779e-01
-9.545329579130432118e-02
-1.103143838618908801e-01
-6.267023062631927460e-03
-1.300118223880642743e-01
-3.580376358949279858e-01
-8.067472770008803085e-02
-1.003765566043148122e-01
-1.087284295204832274e-01
-1.936787345619751799e-01
-5.234633495554606997e-01
3.952826013272044969e-01
1.260199569506472439e-01
2.286807657215132183e-01
-4.618347480477513756e-01
-6.887487424336249386e-01
-3.456592326896750778e-01
-8.539660289631295642e-02
-4.573428426310999911e-02
2.026610538295605946e-01
-2.322783193536164803e-01
-1.480039492009693480e-01
8.878109021780943300e-01
5.301706933156489221e-01
3.207944098523116128e-01
4.906399512615123859e-01
2.833855367273737103e-01
-2.642932239964846941e-01
-4.442238162362821541e-01
-2.407194975869855202e-01
3.307293096850427161e-01
5.497984193909866146e-02
6.176092834605457355e-02
6.039173710046005228e-01
2.029260262494974598e-01
8.011718042163296083e-02
2.608003172593398866e-01
8.774355269520938139e-01
7.131484928276909940e-01
9.006991484391064784e-01
7.070321585429955036e-01
2.629577407162502212e-01
4.235895906269768196e-01
8.408168767777285391e-01
1.000000000000000000e+00
-2.248257836205241542e-02
2.078095545997730165e-01
4.420173177600193459e-01
3.874094547950814871e-01
4.450205397765187865e-01
3.744186675264889463e-01
3.558822010699062011e-01
-3.346402378693586477e-01
-4.471101727757260114e-01
-4.524450760930997517e-01
-3.882123330947085393e-01
3.110457055319215680e-01
3.577987022284869756e-01
3.995019016353656971e-01
2.647894772612416903e-01
4.318874899922522936e-01
3.416313811764024044e-01
2.656414433305370193e-01
1.820840429904076740e-01
-1.559921457287145041e-01
1.363732308928336245e-01
9.803828172789874618e-02
7.028961851545394157e-02
1.597378102565518571e-02
3.171148768025423559e-01
1.953599817187709475e-01
1.930235204502329105e-01
1.700787115522792992e-01
-2.626272051653868456e-01
-2.698708021140587276e-01
-2.724924735800714481e-01
-2.814211093701375899e-01
1.420363125806154148e-01
2.807160652074663920e-01
2.332599977532021640e-01
2.991010416588490983e-01
7.765820335642431571e-02
-2.514096774856771632e-01
7.549978864545350832e-02
1.249740940334397588e-01
-1.360962608105879823e-01
