-4.621348792670729733e-01
8.712839702603187853e-01
9.572193190908682148e-01
6.352506119898353454e-01
4.488884381018978798e-01
6.110296620778050969e-02
5.141487086062393030e-04
1.396438291756552097e+00
7.632928194856640758e-01
8.777119720709400941e-01
8.773743855430152783e-01
8.773728819664819989e-01
8.773967936219848607e-01
8.455396117514598631e-01
8.699017886594967441e-01
8.767192845341996721e-01
8.542477825498284716e-01
8.588134836117766735e-01
8.617070043826147163e-01
2.382607612846537049e-01
8.026249923685339072e-01
8.132710320677043470e-01
8.929221567011500493e-01
8.842352370350284874e-01
8.952918731958636744e-01
-5.374468887128827088e-01
-8.714911737711906747e-01
-7.784507302805121487e-01
3.998968087883572609e-01
-7.245707553321677485e-01
-6.203556072389350140e-01
-6.114299491901000749e-01
-1.394480766440407971e-01
6.722194961889910170e-01
-6.425576099105295702e-01
-4.036664376725502823e-01
6.282045589709004396e-01
8.728160336520166540e-01
7.356452232584318462e-01
-3.805289948239715669e-01
-6.780945352369199819e-01
-6.113511960505878529e-01
6.522843579389906443e-01
6.135208565087266752e-01
6.567460650261394139e-01
6.949677283701337638e-01
8.870190232611951942e-01
9.934421739669938578e-01
9.935123813306678819e-01
9.997857293306542381e-01
9.936788452441134289e-01
9.711635312257603792e-01
9.707710603222006185e-01
9.729664753047823078e-01
9.737961321147627913e-01
9.754906493180282023e-01
9.752612274672673998e-01
9.740156312894068247e-01
9.696353523601237701e-01
9.704847945595920233e-01
9.755240705618339891e-01
9.751451176746495086e-01
9.752399847290258439e-01
9.753172806689773822e-01
9.974587058943257256e-01
9.731986404375926325e-01
9.671776753505054725e-01
9.637691756833433043e-01
9.737327262617122559e-01
9.934549886420493969e-01
9.984077122465263576e-01
9.710295448502360705e-01
9.414564525185674659e-01
-9.904979618002721642e-01
-9.237680237416416862e-01
-9.904638157215447380e-01
-9.935550892283133706e-01
1.309371419983842814e-02
8.306538848696304322e-01
5.126254632718797721e-02
2.248905548896389269e-04
-1.620104616441276138e-02
-5.914810380365663478e-02
-4.575403113610294198e-02
-1.856744867286239456e-02
-1.156578618673445927e-03
-3.788539422567818032e-02
-4.798003950627442032e-02
-1.806382526129419368e-03
-2.128523887124846373e-02
-1.187576380133829011e-03
-1.214705442563516688e-02
-1.975917817595642875e-03
-5.812241263613852210e-02
-7.474653448873667949e-02
-2.115207615485608251e-03
-4.112230967990730679e-02
-5.877555657017239504e-02
-2.510466260302279557e-03
-3.578239045958691439e-02
-1.149538928728214638e-03
-6.117209367465923546e-04
-6.920369574638769944e-04
-1.662362773330704202e-02
-1.000000000000000000e+00
-8.520224369248106111e-01
6.858678893147888977e-02
8.775110271791023431e-01
8.775888748470553891e-01
8.777209811837330955e-01
8.754430734042438766e-01
-6.620569262279388939e-03
-9.452001252803083897e-01
-1.000000000000000000e+00
-1.000000000000000000e+00
-1.000000000000000000e+00
-1.000000000000000000e+00
-1.000000000000000000e+00
-1.000000000000000000e+00
-1.000000000000000000e+00
-1.000000000000000000e+00
-1.000000000000000000e+00
-1.000000000000000000e+00
-1.000000000000000000e+00
-1.000000000000000000e+00
-1.000000000000000000e+00
-1.000000000000000000e+00
-1.000000000000000000e+00
-1.000000000000000000e+00
-1.000000000000000000e+00
-1.000000000000000000e+00
-1.000000000000000000e+00
-1.000000000000000000e+00
-1.000000000000000000e+00
-1.000000000000000000e+00
-1.000000000000000000e+00
-1.000000000000000000e+00
-1.000000000000000000e+00
-9.746282830133137232e-01
-8.869564548158870299e-01
-1.574823960830295036e-02
8.732878563099889524e-01
8.589438695836395521e-01
9.745578347437224842e-01
8.745450427590377718e-01
8.684299412096140314e-01
8.773066215534093271e-01
8.642930859794788478e-01
-2.757203402815296411e-01
-9.672745557055891785e-01
-9.714214021956366629e-01
-9.302973469622207725e-01
1.805749116269187993e-01
2.655855696913268504e-01
-2.134003743771261119e-01
-1.559056296276791209e-01
