-4.621348792670729733e-01
8.712839702603187853e-01
9.572193190908682148e-01
6.352506119898353454e-01
4.488884381018978798e-01
6.110296620778050969e-02
5.141487086062393030e-04
1.396438291756552097e+00
-1.498565207566913415e-01
-2.420513250528465166e-01
7.283558051418208279e-02
1.022365458531768467e-01
1.222846329534739429e-01
-1.861802728219746905e-01
-6.910425619277954512e-02
-1.598338919909223776e-01
4.179990177943108676e-01
8.671490379249315039e-02
-3.916097530681657002e-01
-5.532376683996543393e-02
5.912769384798073624e-03
3.425127654341353356e-01
4.882278460110440199e-01
-2.105388232391865733e-01
6.305056136644792142e-01
5.345539472884648646e-02
3.602262948403940901e-01
5.594190656541989659e-01
1.164788877170749026e-01
3.063572409463907187e-01
2.543498257836852017e-01
1.778562959039049762e-01
-3.318304992270159270e-04
-2.560159859715165354e-01
5.865705312796266613e-01
-3.823216621778008362e-01
1.625380458918026794e-01
-2.314385731324678785e-01
4.404866128883517806e-01
-3.943620307221617494e-01
1.127699350827077521e-02
2.020506048178689895e-01
4.887656284470462964e-01
-3.712061174216425008e-01
2.661261854013428629e-01
-2.263600631897253190e-01
-1.284913114308607884e-01
-7.594764388758633300e-02
-7.756056409047915046e-02
-9.524544475203385041e-02
-1.124813817815776239e-02
-1.166246245265300380e-01
-1.399945096665971833e-01
-1.405678856713466485e-01
-1.228555327510482686e-01
2.648130419419613135e-01
5.004790799707461435e-01
-1.250735989302718953e-01
-1.271781023506640407e-01
-1.050085802052184158e-01
-2.010074986672677477e-02
-1.103482699642042986e-01
2.809337823509955312e-01
5.100602468437073211e-01
-1.404384279284137949e-01
-1.481874215645349602e-01
4.898992475884798026e-01
-1.616685669502422318e-01
-1.704031184131898080e-01
-1.322007488993103275e-01
-1.155868832322642786e-01
1.051880825596918090e-02
1.734271271647009893e-01
1.868380403684497260e-01
1.892478253830293666e-01
1.892114001458393979e-01
1.900593955788668077e-01
-1.415788212772428056e-01
4.675397010076430271e-01
5.358832164520255063e-03
2.163724445297355095e-03
-1.652974718902244788e-02
-2.435060959208807524e-02
3.709589928438187800e-01
-7.028085453515952328e-04
8.122736312185505070e-03
3.900088679545448134e-01
1.353636510489020506e-01
9.794492855420234775e-03
1.615735413513338936e-01
5.225783358015336465e-03
-4.756684928936457876e-03
8.256892625502923813e-03
3.779161866007800796e-01
1.133362004286538188e-01
8.292509670149165318e-03
-9.473311755409493523e-03
-1.732106362641590985e-02
7.305376378016675831e-03
1.727869355654305938e-01
2.721606998249054710e-03
9.380169979793360644e-04
1.006093517582114976e-03
1.392949114590767874e-02
-6.027008341269575187e-01
5.403686001907124226e-01
1.502285594635679178e-01
-1.946524455395165776e-01
-1.964279529923092793e-01
-1.874066207594274613e-01
-2.209670185579644675e-01
1.146189338912878275e-01
1.221380380193085313e-01
1.197626332151463940e-01
4.005708133819053940e-02
1.111334832507665377e-01
3.476345202927880185e-02
7.098472174604955609e-02
1.060490965576428579e-01
9.248560711553874270e-02
4.805053486289911913e-02
5.316538675601515697e-03
3.952012903332967342e-02
1.082627927599736639e-01
1.015941694224473113e-01
9.509541677211739985e-02
6.210114863916563199e-02
5.745403497541515941e-02
1.053197719026484208e-01
9.953188592172863836e-02
8.834168733136056606e-02
9.492663407497557715e-02
-1.769898456502107253e-01
-4.491589250827821012e-01
-3.180795815013369721e-01
-3.634905859841944253e-02
1.735115200540164083e-03
8.861153560071470189e-03
2.939323875135999020e-02
1.185412906110430015e-01
4.857334775407672056e-02
-5.193942776891781188e-01
-6.655817403447276091e-03
2.230400170206113808e-01
-1.558846916941514921e-03
-2.437894256960978501e-01
1.519325398394675009e-01
-2.948222321451069439e-01
4.354367805775689881e-02
1.160444877068754210e-01
-3.716186137354998142e-01
2.237699263821192330e-01
-7.919622609084230047e-02
-8.656866700265297698e-02
5.128572578751283695e-02
3.893984630139975950e-02
