-4.621348792670729733e-01
8.712839702603187853e-01
9.572193190908682148e-01
6.352506119898353454e-01
4.488884381018978798e-01
6.110296620778050969e-02
5.141487086062393030e-04
1.396438291756552097e+00
6.031272593979050689e-03
1.441567802276700477e-02
1.441276630620869081e-02
1.441322796666385728e-02
1.083507999376320113e-02
6.457003806695568206e-03
1.437956354865782375e-02
1.438909563405519135e-02
1.441029013891725538e-02
1.440358701839470831e-02
7.360113949984672249e-03
1.883465078802752700e-03
1.437890617472025595e-02
1.437923138861208969e-02
1.439028022457679995e-02
1.437533758854122115e-02
1.437925054682118869e-02
-1.424448588115098842e-02
-9.552172301357991779e-03
-6.304306497647791004e-03
1.412501761906791858e-02
-1.433064161120926709e-02
-1.415259201211376341e-02
-1.418246846526484417e-02
-1.040917656107705419e-03
1.424164468502751510e-02
-1.440256811098892045e-02
-9.670633151315161449e-03
1.413206380867809350e-02
7.575531846002001024e-03
1.434903774549542779e-02
-5.315485893625124421e-03
-1.417746358618851912e-02
-1.412271924954197969e-02
1.440823617318231012e-02
1.472659060456732796e-02
1.476033897617811536e-02
1.471425360948531297e-02
1.449040386189831206e-02
1.479206333081577694e-02
1.479214270333874259e-02
1.471927836206770278e-02
1.444905032356597237e-02
1.444310304342069987e-02
1.443906442347680369e-02
1.443525821559659382e-02
1.443889402576923296e-02
1.444364852678162343e-02
1.444016187917939072e-02
1.443789970554944756e-02
1.443295413066922848e-02
1.443575718378949449e-02
1.443665133660247853e-02
1.443618485557086363e-02
1.443236133134623810e-02
1.443073981278602744e-02
1.442241925898470403e-02
1.441854164568763010e-02
1.441830600960515400e-02
1.441585081114057053e-02
1.442305464483220612e-02
1.442903099055504838e-02
1.442713026719370968e-02
1.444907948907209021e-02
1.445131671369360125e-02
-1.441883176079313336e-02
-1.441341383998400935e-02
-1.442012376980923889e-02
-1.442052747762976456e-02
-1.413638303573783866e-02
1.200348350524953200e-02
4.047133396578559989e-04
1.384195453468508895e-06
-3.245665879174175310e-04
-9.995489019148863681e-04
-3.890789428065302789e-04
-2.935441930191493498e-04
-8.201222066778360317e-06
-2.949625371201975072e-04
-3.811974022901151770e-04
-1.365503692982437412e-05
-1.660382106627957726e-04
-8.818866341402292525e-06
-1.656417051837537390e-04
-1.517153550311932668e-05
-4.624096096416829447e-04
-5.880258545430016226e-04
-1.707938814128848203e-05
-5.058230963678626629e-04
-7.586277720554779249e-04
-2.039061852357347733e-05
-2.806216928300708704e-04
-8.493099579637275725e-06
-4.467718291247881632e-06
-5.126622721003143247e-06
-1.341986850107991741e-04
-1.441626500846983870e-02
-1.433896077381354578e-02
-1.416998813015033290e-02
1.080209918991952879e-02
1.441728826401652078e-02
1.441481112726031646e-02
1.441315787515122515e-02
-1.425549057316833831e-02
-1.441927601019127834e-02
-1.448951503732957141e-02
-1.446507651343979274e-02
-1.450104630338096799e-02
-1.450113239348380795e-02
-1.448680751232881043e-02
-1.444883552407580027e-02
-1.445086380170140274e-02
-1.445504248633007992e-02
-1.445298440705562043e-02
-1.444815585929477494e-02
-1.444051914121131409e-02
-1.443926949311812556e-02
-1.444476667739186954e-02
-1.444962669824543730e-02
-1.444576160287733280e-02
-1.443638563400143071e-02
-1.443740546796178949e-02
-1.443314633155797118e-02
-1.443151724518828075e-02
-1.445836895859756513e-02
-1.445842420417479783e-02
-1.445094550163966880e-02
-1.445094523241807240e-02
-1.443759689567620033e-02
-1.443564963889580090e-02
-1.443148833418127566e-02
-1.431353373442070115e-02
-1.416973406213044122e-02
1.441614765223664558e-02
1.441291553213961546e-02
1.443162991823892030e-02
1.442928342751385179e-02
7.129186549243100683e-03
1.440942027878687297e-02
1.439836738771358218e-02
-2.266039750991738488e-03
-1.442480184829942474e-02
-1.443909441659754593e-02
-1.442704932424122496e-02
1.822790459263563725e-03
2.464350155126234475e-03
-1.684907918508493033e-03
-1.213245819698218755e-03
