-4.621348792670729733e-01
8.712839702603187853e-01
9.572193190908682148e-01
6.352506119898353454e-01
4.488884381018978798e-01
6.110296620778050969e-02
5.141487086062393030e-04
1.396438291756552097e+00
-4.394041646682660986e-03
-8.813087258049237191e-03
-8.813087258049237191e-03
-8.813087258049237191e-03
-7.547198718059879539e-03
-5.490243358152969641e-03
-8.813087258049237191e-03
-8.813087258049237191e-03
-8.813087258049237191e-03
-8.813087258049237191e-03
-7.056319249570397467e-03
-1.375885428853193928e-03
-8.813087258049237191e-03
-8.813087258049237191e-03
-8.813087258049237191e-03
-8.813087258049237191e-03
-8.813087258049237191e-03
8.813087258049237191e-03
7.106300864290287199e-03
4.873696072567261506e-03
-8.813087258049237191e-03
8.813087258049237191e-03
8.813087258049237191e-03
8.813087258049237191e-03
9.201921342846840820e-04
-8.813087258049237191e-03
8.813087258049237191e-03
-5.798208195970027540e-03
-8.813087258049237191e-03
-5.677343539039097706e-03
-8.813087258049237191e-03
-3.902905862246821168e-03
8.813087258049237191e-03
8.813087258049237191e-03
-8.813087258049237191e-03
-8.813087258049237191e-03
-8.813087258049237191e-03
-8.813087258049237191e-03
-8.813087258049237191e-03
-8.813087258049237191e-03
-8.813087258049237191e-03
-8.813087258049237191e-03
-8.813087258049237191e-03
-8.813087258049237191e-03
-8.813087258049237191e-03
-8.813087258049237191e-03
-8.813087258049237191e-03
-8.813087258049237191e-03
-8.813087258049237191e-03
-8.813087258049237191e-03
-8.813087258049237191e-03
-8.813087258049237191e-03
-8.813087258049237191e-03
-8.813087258049237191e-03
-8.813087258049237191e-03
-8.813087258049237191e-03
-8.813087258049237191e-03
-8.813087258049237191e-03
-8.813087258049237191e-03
-8.813087258049237191e-03
-8.813087258049237191e-03
-8.813087258049237191e-03
-8.813087258049237191e-03
-8.813087258049237191e-03
-8.813087258049237191e-03
8.813087258049237191e-03
8.813087258049237191e-03
8.813087258049237191e-03
8.813087258049237191e-03
8.813087258049237191e-03
-8.813087258049237191e-03
-3.001163054400801406e-04
-2.593015029430752869e-06
-2.990560700934144348e-04
-7.204470219974624815e-04
1.851289043487764816e-04
-1.902094637755122374e-04
6.506306956059694754e-06
1.774640124251406761e-04
2.302638267375514659e-04
1.003204578649768915e-05
1.093530207384253624e-04
6.449211202797816729e-06
-7.121147766709503917e-05
1.079428415380819706e-05
3.063226542665562283e-04
3.946943694926307862e-04
1.005985726087896735e-05
-1.226454680339576482e-04
-2.449711254234568001e-04
1.222544483243108204e-05
1.962526369459692793e-04
6.944774455759882749e-06
3.782926537756142756e-06
4.216163411848705746e-06
9.345793277400949080e-05
8.813087258049237191e-03
8.813087258049237191e-03
8.813087258049237191e-03
-7.957903434228771541e-03
-8.813087258049237191e-03
-8.813087258049237191e-03
-8.813087258049237191e-03
8.813087258049237191e-03
8.813087258049237191e-03
8.813087258049237191e-03
8.813087258049237191e-03
8.813087258049237191e-03
8.813087258049237191e-03
8.813087258049237191e-03
8.813087258049237191e-03
8.813087258049237191e-03
8.813087258049237191e-03
8.813087258049237191e-03
8.813087258049237191e-03
8.813087258049237191e-03
8.813087258049237191e-03
8.813087258049237191e-03
8.813087258049237191e-03
8.813087258049237191e-03
8.813087258049237191e-03
8.813087258049237191e-03
8.813087258049237191e-03
8.813087258049237191e-03
8.813087258049237191e-03
8.813087258049237191e-03
8.813087258049237191e-03
8.813087258049237191e-03
8.813087258049237191e-03
8.813087258049237191e-03
8.813087258049237191e-03
8.813087258049237191e-03
8.813087258049237191e-03
-8.813087258049237191e-03
-8.813087258049237191e-03
-8.813087258049237191e-03
-8.813087258049237191e-03
-5.522440963040869261e-03
-8.813087258049237191e-03
-8.813087258049237191e-03
9.290942471574889115e-04
8.813087258049237191e-03
8.813087258049237191e-03
8.813087258049237191e-03
-1.779424682823215007e-03
-2.324260732684966385e-03
1.204611514019247485e-03
8.751970675258494712e-04
