-4.621348792670729733e-01
8.712839702603187853e-01
9.572193190908682148e-01
6.352506119898353454e-01
4.488884381018978798e-01
6.110296620778050969e-02
5.141487086062393030e-04
1.396438291756552097e+00
-3.235910929206506914e-01
-7.272333500393325378e-01
2.812243111326190870e-01
2.107515204887794036e-01
3.092318546254515521e-01
-8.349213407402388265e-01
9.037011963891029565e-01
-5.385455281783479986e-01
6.680295571969989410e-02
2.017155790478181859e-02
-9.918316491096975662e-01
-3.598989624880961080e-01
-2.437471732058278384e-01
-4.595882617354953709e-02
-1.850507483046042734e-01
-3.334949281149306999e-01
-4.736854569602759191e-01
3.651320210843956304e-01
9.895988997070351845e-01
9.648131795113044085e-01
-6.641500968994330512e-01
7.655787972710021982e-01
7.923099635385892903e-01
7.966402666862715254e-01
2.286824695836970067e-01
-7.940325313650905548e-01
8.076375085148965738e-01
-2.099167517692955842e-01
-3.619222252778667714e-01
-9.475177843883920703e-01
-3.491915025119692317e-01
-4.290861259994722954e-02
5.171783746574601937e-01
3.557398450551316205e-01
-6.471139357920684398e-01
-8.590202709930441216e-01
-9.358030144243333348e-01
-1.000000000000000000e+00
-1.000000000000000000e+00
-1.000000000000000000e+00
-1.000000000000000000e+00
-1.000000000000000000e+00
-1.000000000000000000e+00
-1.000000000000000000e+00
-1.000000000000000000e+00
-1.000000000000000000e+00
-1.000000000000000000e+00
-1.000000000000000000e+00
-1.000000000000000000e+00
-1.000000000000000000e+00
-1.000000000000000000e+00
-1.000000000000000000e+00
-1.000000000000000000e+00
-1.000000000000000000e+00
-1.000000000000000000e+00
-1.000000000000000000e+00
-1.000000000000000000e+00
-1.000000000000000000e+00
-1.000000000000000000e+00
-1.000000000000000000e+00
-1.000000000000000000e+00
-1.000000000000000000e+00
-1.000000000000000000e+00
-6.890591005252648393e-02
-6.818613379470868097e-01
7.519355149497413127e-01
7.599333381120484399e-01
7.588088838229077870e-01
7.586742950263541951e-01
7.057692042129066756e-01
-5.098707506859026517e-02
-7.218151832607200280e-02
-6.939230945641035537e-04
-4.822089649546899143e-02
-1.057667118198123007e-01
2.940136912038155553e-02
-2.950961354095657865e-02
9.365287597209427878e-04
2.563700367141588318e-02
3.361678968600159689e-02
1.874486478847811957e-03
1.803806968569637501e-02
1.166964614223487762e-03
-9.892631053776605385e-03
2.047891199024369502e-03
5.296208102051367522e-02
6.984243204610225686e-02
2.147857800362528834e-03
-9.800926194053774521e-03
-2.661823015304438239e-02
2.543021238419147616e-03
3.823522072896540225e-02
1.337425645666285136e-03
7.478372219348901730e-04
8.534037638307175088e-04
2.206245862470662678e-02
6.207927588139040553e-01
7.552610915962677529e-01
8.755829882825171273e-01
-7.590617344616868989e-01
-7.615996927737678224e-01
-7.635610149420708481e-01
-7.721734920129484925e-01
8.333543834921731674e-01
8.505201930179618897e-01
8.518187375465733346e-01
8.495488757379102696e-01
9.055661446633689327e-01
9.053153594458723807e-01
9.036545560912134789e-01
9.105594244210176713e-01
9.940203228686411707e-01
8.490314061149094593e-01
8.364910958669964369e-01
8.406966564567770472e-01
9.104508554663426345e-01
9.102797608039335797e-01
9.942761276067642040e-01
9.922165847710919806e-01
8.961496458924892439e-01
8.589189083329953345e-01
9.070830486479795063e-01
9.095906171377785565e-01
9.101491223695876709e-01
2.149114159660817369e-01
1.969371921147986815e-01
1.426335478984554761e-01
3.025082986684588526e-01
8.402214682546507163e-01
8.966216913820411749e-01
8.943991771421156978e-01
8.513597071473935074e-01
8.211189961416339722e-01
-2.129653190096004178e-01
2.748714423980263555e-01
-3.482620810832613711e-02
-7.684084236328430073e-01
-1.000000000000000000e+00
-3.236218393359144990e-02
-1.911534132715121403e-01
1.558839537786706197e-01
9.292953048932908189e-01
5.144010404204226727e-01
4.599210749625409211e-01
-1.821227390082824638e-01
-3.964285567629540763e-01
3.138510795235905371e-01
2.557875369771097085e-01
