1.971026614865417637e-01
3.263637504805318446e-01
1.000000000000000000e+00
7.000382817545793834e-01
4.400094812801250699e-01
4.838082831078393403e-02
4.070379259115403233e-04
3.114636425968393407e-01
-4.264155824093478486e-01
-2.718277413256273145e-01
-9.571441203792595276e-02
-2.222435558384351639e-01
-5.076466240367560889e-01
-8.400786395947146268e-02
1.492312555159302223e-01
1.748433234314791529e-01
1.825457764557993079e-01
9.397118344953998836e-02
-7.930919955128687970e-01
-4.649154472567912366e-01
-8.960586068391367398e-01
-5.093545360274068790e-01
-2.121376137633027292e-01
-1.619680875366082129e-01
1.195399890801663589e-01
3.521688986060123733e-02
-7.997445102457939603e-01
-6.645860894357373816e-01
-4.373482673940649046e-01
-8.235444483776049873e-01
-6.459871585039657083e-01
-1.343984939178811955e-02
1.377802881352522268e-01
-6.530119882878647752e-01
6.906266214102505518e-01
-1.823461663441605374e-01
2.727725891216002396e-01
9.247009272348110098e-01
6.907702221961709022e-01
8.197453764550524657e-02
-9.266867339717371754e-01
-9.647749756620760397e-01
-8.491340904290486380e-01
-1.000000000000000000e+00
-3.413378242924357542e-01
-8.210066153618433837e-01
1.763968281763843293e-01
-8.742079465379078984e-01
-1.197918609602487555e-01
-3.725479151933080990e-02
1.933850211631055749e-01
1.000000000000000000e+00
-5.410957315250563004e-01
-9.980293696705421214e-01
-1.263497646761468640e-01
-9.767242113915216573e-01
1.472256211750039845e-01
1.662301283632032500e-01
-2.305804106479429350e-01
8.207673447252382681e-01
-5.040143635054399329e-01
-1.387012209171337987e-03
-5.934294154883641426e-01
-3.456843815227437222e-01
9.586349110044868338e-01
9.925165368645672004e-01
1.998522492184862387e-01
-9.983157140979510569e-01
-4.021479142361615577e-02
1.000000000000000000e+00
1.000000000000000000e+00
-7.855082863584659236e-01
-6.782717436394156696e-01
6.617503274370178934e-02
6.008598010197115924e-01
9.433060101328057945e-01
2.608858097326076653e-01
-1.966068739327231085e-01
-3.422727295527629998e-01
-9.125036748648539531e-01
-8.278466334129894744e-01
-3.129900532072423247e-01
4.226806893948346078e-01
9.795016021562191755e-01
8.267370552634880632e-01
8.820901660761379381e-02
8.980614525979215834e-01
4.588791290499918962e-01
-2.214414268774460293e-01
-1.359416421650724571e-01
6.602870339405982891e-01
2.571948484536961677e-01
4.994847289801236934e-01
5.901254449404637059e-01
-2.932799035012241817e-01
8.111360070868701699e-01
5.976515310887862142e-01
1.000000000000000000e+00
1.000000000000000000e+00
-2.924147203317697952e-01
-3.355908009566875294e-01
-3.206895193473646710e-01
-1.000000000000000000e+00
-1.000000000000000000e+00
1.000000000000000000e+00
1.000000000000000000e+00
-1.660625284366935572e-01
6.863275559787600510e-01
-8.137568639220904565e-01
1.338097572622845566e-01
6.178183575003579620e-01
1.000000000000000000e+00
-4.178099932481165735e-01
-9.809085058262219103e-01
-9.126197732552192576e-01
-2.390843545991146735e-01
1.000000000000000000e+00
-3.987287729977829209e-01
-2.900193312131820189e-01
-4.691922884027230345e-01
9.919292029509612085e-01
5.228037440217979670e-01
7.731606566852243789e-01
6.659148365692612037e-01
1.000000000000000000e+00
-9.790779912283172903e-01
-1.000000000000000000e+00
-3.284690918362639933e-01
1.531098841659913057e-01
1.000000000000000000e+00
3.891858402660831051e-01
-8.784888639348464867e-01
-8.549710026805171226e-02
-2.988477241990202260e-01
-9.754531232300747146e-01
2.431905789090925418e-02
1.761534917920390131e-01
-9.764926028007089309e-01
-7.921296453966455431e-01
-6.586533981213509303e-01
1.000000000000000000e+00
-1.227524384400237867e-01
7.764148998252863310e-01
4.649495511515609053e-02
-8.820517174631332946e-02
-6.417621012636159916e-01
9.374705012631859846e-01
1.000000000000000000e+00
9.999999999992139621e-01
8.308712104432757206e-01
-9.947213881818012249e-01
-5.607026798106068410e-01
9.622021995729850286e-01
6.701509322325164275e-01
8.690743537434566512e-01
6.631774996659881571e-01
2.414600019758323113e-01
4.348193082893940797e-01
1.476627093564440441e-01
2.546903747110933897e-02
-1.295484068088401108e-01
8.844907416714535842e-01
4.911081803727626593e-01
1.000000000000000000e+00
-9.994359723368353432e-01
-1.480667521020839761e-01
-1.473929873459325079e-01
-2.395320567684887936e-01
7.523037986935851018e-01
1.275051177179423699e-02
6.370070997880831198e-01
6.161315206569480812e-02
1.994775962114591628e-01
8.773102356246327560e-02
7.562435772530391453e-01
-9.073409297104679805e-01
1.647573948039641467e-01
1.000000000000000000e+00
-4.794836256746697889e-01
3.584772738416051041e-01
2.218995469175878421e-01
5.635759422355268722e-01
7.362570967660936327e-01
7.319907205546068996e-01
1.000000000000000000e+00
4.588817656751006391e-01
5.458781292384380368e-01
9.175038675470538196e-01
4.268421261826686464e-01
1.274046076515162641e-02
5.446560935966355405e-02
1.908345724683818967e-01
8.166033267657888395e-01
-5.494808474698926748e-01
1.311472176245380948e-02
9.809062616742594276e-01
-5.027589330103174881e-01
4.852436144279235336e-02
-1.000000000000000000e+00
1.000000000000000000e+00
1.000000000000000000e+00
9.896065361484309708e-01
1.000000000000000000e+00
1.000000000000000000e+00
1.000000000000000000e+00
1.000000000000000000e+00
6.507683389477977309e-01
9.997298345288780919e-01
-3.317822437999815577e-01
-1.566360587285095807e-01
4.514708948142577283e-01
6.168556619038100264e-01
7.989068668747000279e-01
2.332318929309233901e-01
-6.865158901008352466e-01
-9.857923806112438569e-01
1.022655356397264986e-01
7.943129635282527579e-01
9.446393211034692650e-01
3.213637508552613098e-01
6.568776285941552162e-01
9.993739153835350386e-01
9.999999999999572564e-01
8.667343599514795160e-01
-6.832191588581134623e-01
4.221181367918254157e-01
9.999999999988677946e-01
-2.117459670557966522e-01
-2.157419841138585037e-01
-9.967394462955339041e-01
-9.604388707298663341e-01
5.498372815292443816e-01
3.594426889505727973e-01
9.184180419989833588e-01
6.506058645281347363e-01
3.070287243258743026e-01
6.629460004678454643e-01
-1.493864540669576357e-01
-2.150556289829138878e-01
-2.047830933819539123e-01
-1.767291192050193527e-01
-3.170370712499918919e-02
2.450995103353947047e-01
6.368625720486409403e-01
3.111391585306833574e-01
2.911918848515502312e-01
2.949997515208445387e-02
7.023778550543046117e-01
3.719537182753567262e-01
1.300530657521461965e-04
-1.000000000000000000e+00
2.433100762420127572e-01
1.488159481938866602e-01
-5.966805938083636907e-01
2.325489503838243655e-01
1.000000000000000000e+00
1.000000000000000000e+00
7.966028560437655726e-01
5.198362178573492365e-01
5.222133578699860168e-01
4.946292543396968999e-01
-7.029924138766571184e-01
9.604273608540612184e-01
6.365218979966392743e-01
-7.367951399899937970e-01
9.964908456245150647e-01
9.574303998325115472e-01
1.000000000000000000e+00
9.821112801904835488e-01
9.750238890349341991e-01
8.768934714006498821e-01
8.006928615120786352e-01
3.573383030353494139e-01
-2.044922846794031135e-01
5.666085899662699488e-01
8.208535603191244867e-01
5.288313588631714524e-01
-9.959184686875944825e-01
-9.145429820536524756e-01
4.234206622477784676e-01
2.759957068521875015e-02
9.765690038499491576e-02
2.391036992551838214e-01
2.726788552641832841e-01
2.448873521106088025e-01
4.473837236639077730e-01
1.000000000000000000e+00
1.000000000000000000e+00
1.000000000000000000e+00
-1.350761503223351367e-01
2.293258769512898088e-01
-1.056225169408603198e-01
-2.781092252769220424e-02
6.593287409857717662e-01
5.388289545128390756e-01
4.253544779141553711e-01
4.059850383773143112e-01
1.000000000000000000e+00
1.000000000000000000e+00
3.783617224793924261e-01
3.716860568403886900e-01
3.814904258675166915e-01
7.219131000910412876e-02
1.210962036312546314e-01
4.512787462588234086e-03
-8.332353899399751462e-01
-2.911455788279557894e-02
1.107574265658138879e-01
7.348717191264755866e-02
-1.763863276233346711e-01
-2.063387336871821964e-01
-2.404446264368731712e-01
1.176399596268213332e-01
-5.933452582891254323e-01
7.451781522476338959e-02
2.521084508069414976e-01
3.895731244874311439e-01
2.481310258084900022e-01
4.087048335100980645e-01
9.785411578580724412e-02
-7.283886080758424086e-03
8.297180408397661910e-01
5.191266487260828288e-01
9.041192252003361629e-01
3.871511222847925371e-01
2.926404338437770258e-01
