1.677331157988518062e-01
6.520718720436180504e+00
5.400231989987844816e-01
4.516742159707832771e-01
2.110126720075219953e-02
9.999999999999999547e-07
2.138584953666092074e-03
1.000000000000000056e-01
1.092091266822950574e-01
-3.348418419515136746e-01
-9.873085265650187459e-02
6.681462314734934460e-02
-2.049454314423426737e-02
-8.507349634736256772e-02
3.885459007725610703e-01
2.825000499234369133e-01
3.122205851476999583e-01
4.403581910564994401e-02
-1.963006590062993731e-02
-4.437789248909709827e-02
-2.084580468932826780e-01
-3.319590358849623390e-01
3.531115586985734134e-01
3.185260414739087831e-01
4.135570273420999809e-01
1.932793512850516371e-01
6.459230901476444853e-01
5.570552514435963554e-01
1.997328503225966334e-01
-7.998385697636023473e-01
-7.979636271504851885e-01
-1.608303159028452167e-01
1.972114606172978638e-02
8.556692869608469865e-01
-1.884816399647304061e-02
8.389140014750594287e-02
6.857226904766463571e-01
7.236461999242139731e-01
5.739679509591653073e-01
6.952259550632756691e-01
7.562579176075712173e-01
9.658560090423663758e-02
-3.727082742487088790e-02
1.083898303624119576e-02
-9.504378925111905962e-01
-3.161223470347795383e-01
6.449820510202422530e-02
5.275414458515985672e-01
1.000000000000000000e+00
6.733169480540081020e-01
-9.723329721536602688e-02
-9.296035098425229348e-01
-8.834543483505626904e-01
1.000000000000000000e+00
1.000000000000000000e+00
-1.916856550639078893e-01
-8.592583121985611361e-02
1.000000000000000000e+00
-8.309958827706852569e-01
-2.301990070514171316e-01
-2.392745943487065707e-01
-1.000000000000000000e+00
-6.139031789080729995e-01
-7.553417587227737595e-01
-1.543680271286769767e-01
-1.854095391586907116e-01
-4.359700340390477158e-01
-9.107004675595530285e-01
-9.707006038684067306e-01
-5.078040586259600087e-01
5.269891514236837299e-02
-8.949905376669162194e-02
-4.367265269303718944e-01
9.111058096488734437e-01
-1.187026015459687056e-02
-2.703193207137516429e-01
-1.696160222139429796e-01
-8.342868172362574164e-01
-9.257664448035348714e-01
-6.027282788603116614e-01
-2.887134203631507301e-01
-1.883940711792147227e-01
-1.000000000000000000e+00
-3.890631352141403765e-01
-9.692722224310467150e-01
-9.991323533371552212e-01
-4.036087939966914728e-01
1.000000000000000000e+00
2.355838528866797121e-01
-9.909259162265102727e-01
-9.881907770221649567e-01
5.468806880571237539e-01
5.579663856447385495e-01
4.327223550904182314e-01
-8.358130500391935946e-01
-8.785170790873679803e-01
-9.878650950774791051e-01
-6.083499839015019672e-01
9.901710888935458810e-01
1.000000000000000000e+00
2.458130382195085617e-01
-7.797271354580879166e-01
-7.782226670163395754e-01
-9.175702738093693966e-01
1.000000000000000000e+00
9.999949262454119747e-01
-1.000000000000000000e+00
-1.000000000000000000e+00
-3.875180985619658403e-01
8.222809927649880057e-01
2.664868604029335120e-01
-6.802381590147755785e-01
-1.695580218582676546e-01
-1.000000000000000000e+00
-9.558682552530820553e-01
-1.355218429931134283e-01
-3.493536768727935615e-01
8.359113009711557352e-01
9.177483493440584672e-01
8.187220396946464085e-01
7.962332423508695634e-01
-3.506490605950990935e-01
-1.730783802885899614e-01
-1.000000000000000000e+00
-8.775520729408967657e-01
-5.771800212036530819e-01
-3.625386761732296570e-01
-1.930242386341010086e-01
-2.602598805003707993e-01
-1.958391568996780407e-01
-1.684106492303945601e-01
-2.582446276133980034e-01
-3.262486566543020827e-01
-4.245051932509392167e-01
-1.426686821567289265e-01
6.185888738835883943e-02
-4.807191038799011468e-02
2.041823735071377627e-02
2.102906580910076095e-01
9.005455557303635198e-04
4.416949336657990943e-02
-9.514296131339644580e-02
-7.289228753952772810e-02
-9.833952360537661086e-01
-7.134491870885061315e-01
-6.292924698664356109e-01
-4.399537575531555778e-01
-3.507835087586859690e-01
-4.372029502217429364e-01
-4.068403610793469016e-01
-4.051439286791616023e-01
-3.875885170912884425e-01
7.687976056788476953e-01
8.546737322778791279e-01
9.769789787763805133e-01
7.307830903298428993e-01
-5.250756266211169532e-01
-3.912721961605168941e-01
-8.658165969926859828e-01
-9.617500636617524190e-01
3.795760485746827451e-01
4.360507843540833428e-01
4.612744864399271338e-01
-1.979620437628127338e-01
-2.235416071926226989e-01
-2.901402720458601259e-01
-1.204569007111370993e-01
-9.996006571868605584e-02
-3.472756404559488863e-01
-3.251496310650745514e-01
-3.594440871418347339e-01
-2.766156561217714138e-01
8.455583231005837919e-02
-2.024938195516203313e-02
-3.864513555359504471e-01
-4.706544987649390888e-01
-1.578809962724300464e-01
4.010937948249711921e-02
