-2.015396873700390667e+00
1.000000000000000000e+01
9.999989590936865236e-01
8.120096236423811620e-01
9.999999999999999547e-07
9.999999999999999547e-07
4.376734674697745769e-03
9.999998021103401413e+00
-9.804894809825001056e-01
-6.001324346372107765e-01
-9.728042732137877069e-01
-7.494094471815221370e-01
-1.000000000000000000e+00
-9.969863903173267206e-01
-8.999998002191703650e-01
-9.295376284809923062e-01
-1.000000000000000000e+00
-9.940834318887303844e-01
-1.000000000000000000e+00
9.998706237327150692e-01
-1.000000000000000000e+00
-1.000000000000000000e+00
9.990527740295181980e-01
1.000000000000000000e+00
1.000000000000000000e+00
-1.000000000000000000e+00
-1.000000000000000000e+00
1.000000000000000000e+00
-9.993089709910860652e-01
1.000000000000000000e+00
9.138973113808145365e-01
1.000000000000000000e+00
-1.000000000000000000e+00
-1.000000000000000000e+00
-9.724577075674039062e-01
3.580531804630868731e-01
-1.000000000000000000e+00
-9.999548977154238960e-01
-1.000000000000000000e+00
-6.658915186786925622e-01
-1.000000000000000000e+00
1.000000000000000000e+00
9.743585205303452179e-01
-9.897247775397951530e-01
-7.749137953909488452e-01
-9.998987605955923508e-01
1.000000000000000000e+00
-1.000000000000000000e+00
-1.000000000000000000e+00
8.289514108858410113e-01
-9.173954142874947149e-01
-7.891420852026668209e-01
-1.277662621697786549e-01
-1.000000000000000000e+00
-4.293705841056729700e-01
1.000000000000000000e+00
-5.961217064883043149e-01
4.799479673294485549e-01
1.000000000000000000e+00
1.000000000000000000e+00
1.000000000000000000e+00
1.000000000000000000e+00
1.000000000000000000e+00
-1.000000000000000000e+00
3.119432199092781466e-01
-6.514679740645655803e-01
-1.000000000000000000e+00
1.000000000000000000e+00
-1.000000000000000000e+00
-1.000000000000000000e+00
-1.000000000000000000e+00
-1.000000000000000000e+00
9.879646073578206567e-01
-5.238927606597616748e-02
1.000000000000000000e+00
8.891770673891855603e-01
-1.000000000000000000e+00
-1.000000000000000000e+00
1.000000000000000000e+00
-9.939975299021452937e-01
-1.000000000000000000e+00
9.652957113970247471e-01
9.833090745296308999e-01
-1.603537921636737640e-01
-8.987369917955559395e-02
-3.232697242022697925e-01
-1.686110612108402129e-01
6.377773997043519050e-02
4.962322135437919335e-01
-9.814462521858045019e-01
4.142095010668641053e-01
1.000000000000000000e+00
1.000000000000000000e+00
1.000000000000000000e+00
-1.000000000000000000e+00
-1.000000000000000000e+00
-9.827787601386709371e-01
-3.642517891474366110e-01
9.995090277814379087e-01
3.398438184234596916e-04
9.988083347714595828e-01
1.000000000000000000e+00
-1.000000000000000000e+00
-8.377890152309321881e-01
1.000000000000000000e+00
-7.505811006903269078e-01
3.983213292836762509e-01
2.294143788095231173e-01
-1.000000000000000000e+00
1.000000000000000000e+00
1.043171362477932768e-01
4.710973924169185867e-02
6.664324842206076349e-01
-1.000000000000000000e+00
1.000000000000000000e+00
1.350128389267557238e-01
-1.000000000000000000e+00
9.776426094080798990e-01
1.000000000000000000e+00
3.279803653083538384e-01
-3.497692756907234690e-01
1.000000000000000000e+00
1.000000000000000000e+00
1.000000000000000000e+00
1.000000000000000000e+00
1.837964797266673500e-01
-3.325050928945272322e-01
-1.000000000000000000e+00
-1.513411120272048493e-01
-1.000000000000000000e+00
9.350849399555668517e-01
-2.882502521734072176e-01
-1.868307058527402531e-01
-2.711757995615960426e-01
1.370776483795509149e-01
2.082205169156712554e-01
1.733042146260052041e-01
2.912888728391537230e-01
3.736009759881439574e-02
-2.420711258939930166e-01
-4.619847315643861307e-01
1.521002932210404335e-01
-2.129018182320399355e-01
-1.000000000000000000e+00
1.000000000000000000e+00
-1.000000000000000000e+00
-1.000000000000000000e+00
-1.000000000000000000e+00
-9.550656816286144934e-01
-7.436003340939398853e-01
-1.000000000000000000e+00
1.000000000000000000e+00
3.535690834288121032e-01
-1.000000000000000000e+00
-1.000000000000000000e+00
-1.694358701005061751e-01
-3.649171821591317699e-01
-5.816640877985755631e-02
-2.974734324253733853e-01
1.000000000000000000e+00
1.000000000000000000e+00
1.000000000000000000e+00
6.537782960379336095e-02
3.494816782152869172e-01
-3.299575977624505940e-01
-3.038204180610832861e-01
-2.671825366044190964e-01
1.596981866144037976e-01
-3.595882069763389199e-01
1.000000000000000000e+00
9.230398134178217084e-01
2.727249300285529698e-01
3.324605280765098869e-01
2.659564161243850866e-01
-3.510405552767996706e-01
8.610467947458291249e-01
9.956639274725994637e-01
9.997201653514417030e-01
