-1.037512698378749709e-01
2.335578106945032095e-01
1.000000000000000000e+00
6.676035653849888840e-01
3.483937578107328958e-01
2.194563236318037777e-02
5.020484165054006458e-04
5.619814866680888921e-01
5.672031402117433396e-01
8.423511396095142434e-01
4.802392379569365155e-01
-1.081559060180398990e-01
-6.320912551058343043e-01
-2.742228517650141528e-01
-6.175076969597973475e-01
-6.158056941820051478e-01
1.896913512750186548e-01
3.090135872030095321e-01
-4.704165146791814966e-01
-1.000000000000000000e+00
4.580486925375679141e-01
-4.624927960731303744e-02
9.971828092162394741e-01
-4.852818381335609055e-01
-3.471892021586389654e-01
6.916418531522807722e-01
5.822655054529664032e-01
-3.579230760430023861e-01
9.430656339559566337e-02
2.709274877023445938e-01
4.158825525411122825e-01
4.281636839942014605e-01
4.485495027443803240e-01
1.000000000000000000e+00
-7.558713949721132530e-02
-4.456798436082461401e-01
-1.144748027447193423e-01
-3.573843889869806056e-01
-8.599589384846782758e-02
-1.000000000000000000e+00
9.331735907162602706e-01
-1.000000000000000000e+00
-7.135956021071088173e-01
-9.504929970997134658e-01
8.135513098992520620e-01
-1.000000000000000000e+00
-9.999999999994849675e-01
-4.022610825395342427e-01
-3.721314809654900357e-01
2.597670007258135461e-01
-6.131245374635473366e-01
-1.270623444937122315e-01
9.967801508034356273e-01
6.406996442586747331e-02
-9.958497943448169076e-01
2.661357771154221896e-01
6.631174893144585747e-01
8.696567389749330079e-01
-1.411464787476104099e-01
5.825847844742947368e-01
-7.232821003836160667e-01
1.000000000000000000e+00
-1.000000000000000000e+00
-1.000000000000000000e+00
-1.000000000000000000e+00
-8.051202185074233242e-01
-5.680297687106156124e-01
1.901812602630500448e-01
7.487666238333939850e-02
-5.137239205561908717e-01
-2.470045823581947519e-01
-7.522138215488528568e-01
1.000000000000000000e+00
3.969280236562464093e-01
1.000000000000000000e+00
-1.652317985052370042e-01
2.903859382787347121e-01
4.194992471426159941e-01
-9.999999999986293187e-01
-1.000000000000000000e+00
-8.773749696338475346e-01
4.164137322544046033e-02
-3.158632507945954848e-01
9.999999999987910781e-01
2.535525823162870784e-01
-1.000000000000000000e+00
2.075078537028637003e-03
1.000000000000000000e+00
9.031487518851899488e-01
-1.034887089427761059e-01
-5.018951076621717133e-01
9.725430936106859159e-01
1.215380247699688887e-01
6.459573875923781128e-02
4.421068820485749701e-02
3.114195012694881762e-02
2.232274568844441476e-01
5.182439153092449624e-01
9.773185802665527167e-01
-6.831112547261283252e-01
1.000000000000000000e+00
-1.000000000000000000e+00
1.000000000000000000e+00
1.000000000000000000e+00
9.993460237599086637e-01
9.999999999983599785e-01
-7.743795495947649599e-01
9.999999999964291897e-01
9.869520705027863272e-01
-8.379436763959739742e-02
-4.122631206323205122e-01
-4.864694571095462550e-02
-9.072338900338732248e-01
-9.957577036565880280e-02
2.911131001363811421e-01
1.444543004951144571e-01
9.094632870222736365e-01
-1.000000000000000000e+00
8.172365937354750254e-02
1.057036708179422690e-01
-1.000000000000000000e+00
-1.000000000000000000e+00
1.000000000000000000e+00
-9.900382260306366256e-01
-9.892850021067491895e-01
4.130289687704194468e-01
5.666519886854697319e-01
1.000000000000000000e+00
-1.000000000000000000e+00
-9.979169191530667948e-01
2.135745398459418520e-01
1.000000000000000000e+00
-1.265486238113387174e-01
2.134469627026801819e-01
7.162526625923976153e-01
9.654277411764123906e-01
2.225239376586928275e-01
-2.476273186922756386e-01
-1.000000000000000000e+00
-4.512201830218860454e-01
-1.000000000000000000e+00
-3.057352424013684566e-02
2.957587952217979321e-01
5.452924241237955272e-01
-7.933442830993336914e-01
-1.000000000000000000e+00
4.917128457187508461e-01
9.951737084241890630e-01
-1.000000000000000000e+00
-1.492190584014869426e-01
3.900114198413623390e-01
1.000000000000000000e+00
-1.000000000000000000e+00
-4.468698479926763167e-01
7.140016398629840666e-02
3.039084532960617969e-03
-4.619328673618734449e-01
-1.000000000000000000e+00
-1.000000000000000000e+00
9.815706773632033588e-01
7.370672395259612875e-02
-3.480636426225969249e-01
-9.509515300488904366e-01
-4.838063823618173886e-01
1.000000000000000000e+00
1.675165176989762972e-01
-1.000000000000000000e+00
-1.000000000000000000e+00
-1.000000000000000000e+00
-1.000000000000000000e+00
-1.000000000000000000e+00
1.000000000000000000e+00
1.000000000000000000e+00
-1.000000000000000000e+00
-3.455711147670652017e-01
-3.375837375780920691e-01
9.998762591483010276e-01
1.296272043643811878e-01
8.974594965433145555e-03
3.740758489668617459e-01
1.000000000000000000e+00
3.603187238754130828e-01
-9.249484127452181070e-01
-9.999999999990769606e-01
-9.999999999990314414e-01
1.000000000000000000e+00
3.408745676167677097e-01
9.999999999991254773e-01
9.995297639745529539e-01
9.983528623418148618e-01
9.985852396292688171e-01
-9.999377887533511533e-01
-1.000000000000000000e+00
-1.000000000000000000e+00
-2.714950819642433788e-01
3.203039065423174403e-01
-9.995464164398286666e-01
6.119483161258405107e-02
-1.208088873974513811e-01
-7.443643064807448084e-01
-1.000000000000000000e+00
-5.494036632652795626e-01
6.932054538605424421e-01
1.000000000000000000e+00
4.623909304943976672e-01
6.413911807254061292e-01
2.608162388792626962e-01
4.827014719210621640e-01
-7.083016363789154668e-02
-5.157072678204643879e-01
2.395824767781279951e-01
1.000000000000000000e+00
6.114714403509560192e-01
6.177184444685626108e-01
7.320625629880357366e-01
3.610425709841365016e-01
-3.950721006423793709e-03
-7.339257129941283500e-03
6.726061125749018821e-01
6.569149143022303683e-01
8.589073514831014888e-01
5.540325863856728761e-01
3.251791097084499316e-01
