-1.642377914658069149e-01
8.826187734936712381e-01
9.997946044505072738e-01
5.482268519759897485e-01
7.633087819901391846e-01
7.309352612472987121e-02
3.535993010564630846e-04
6.769043001421505279e-01
-1.000000000000000000e+00
-8.020983972126662920e-01
3.560290782136317222e-01
-6.330657975161075868e-01
-4.978781366099067629e-01
7.984455164412986861e-01
6.523502833554422065e-01
-2.175562027438910084e-01
-7.361988528571525858e-01
5.218002871494945571e-01
3.868889447390624348e-01
-1.978351628377696958e-01
8.928957877074822358e-01
4.588165511186896306e-01
-2.408970672945794367e-01
2.891463786358527410e-01
9.381175657357822273e-02
-5.229242936795224228e-01
-5.388941775312628968e-01
8.119261599667708384e-02
1.559255963432819581e-01
-1.539475694187008581e-01
-6.914987526557222486e-01
-7.036706468365948597e-01
-1.844567361593668353e-01
9.657295921745857603e-01
-4.822584922120996542e-01
4.289883027005905181e-01
-9.162802735183899205e-01
-1.636151923550048792e-01
-5.434166962141521173e-01
-3.311052892559177008e-02
-3.655670970696005967e-03
-8.915763484444549913e-01
-1.492828085413905881e-01
8.121775501247618934e-01
-9.369628622996981626e-01
-3.185418852125575240e-02
-3.998671891053996452e-01
-1.756402267492570279e-01
-7.200890300209826511e-02
-5.923547575180667657e-01
-7.093860753821756848e-01
-1.000000000000000000e+00
-2.939197105999442616e-01
-2.816012889179518933e-02
-6.268475444237882055e-01
9.898481729846159843e-04
8.456177925890302483e-01
1.000000000000000000e+00
-4.072493011606099222e-01
-9.943218756225871147e-01
6.008569740322675656e-01
-4.562748202660092678e-02
-1.124673266077382827e-01
-8.260825494356254239e-01
-6.281902353342483369e-01
6.340552761096542866e-01
-1.000000000000000000e+00
-6.284657083760888385e-01
-8.655970626082732933e-01
-9.742894929731982234e-01
-4.175864056075024866e-01
-1.763925631058888555e-01
9.763216010113301424e-01
-6.758253218156979880e-01
-1.000000000000000000e+00
-7.700106562890633999e-01
-9.665690047807596885e-01
-3.128641930314305514e-02
6.103786595077991262e-01
-9.966210331660605437e-01
-1.000000000000000000e+00
3.399165363379664795e-01
-1.000000000000000000e+00
-8.312151749459487649e-01
6.229074326471584211e-01
-3.767697609675399462e-02
-1.000000000000000000e+00
-1.000000000000000000e+00
-8.159322278741959478e-01
-9.970231651264228612e-01
8.932516738732044770e-01
-1.000000000000000000e+00
-2.497398362795515414e-01
-9.747722995933266743e-01
-7.536415904828448475e-01
1.674645377621258868e-01
-5.221707613143980464e-02
-7.726321725374279276e-03
-2.821453897793511911e-02
3.193708463051551094e-01
-2.428869967569641589e-02
8.888562171895276684e-03
1.000000000000000000e+00
3.443830454515064976e-01
-1.000000000000000000e+00
-3.761575230681782345e-03
3.816821106180089962e-01
9.478647486758733365e-01
6.237522217736162222e-01
-4.398365638764144270e-02
-6.816294064560205479e-01
-6.064228522088364048e-01
6.377377401786115119e-01
-9.866798011566199067e-01
-1.000000000000000000e+00
-9.234697629611753333e-01
-4.116013733121780538e-01
4.247375205889868388e-01
-6.529823624134749316e-02
-2.974078433111326802e-01
-9.706429138301989057e-02
6.057816794835224616e-01
1.000000000000000000e+00
5.742852706056497114e-01
8.076431965668458002e-01
-1.000000000000000000e+00
-1.000000000000000000e+00
-8.816819903641930078e-02
-2.029271501297423841e-01
-8.565632291767261153e-01
1.000000000000000000e+00
-1.324140846492087922e-03
-1.000000000000000000e+00
-1.000000000000000000e+00
-9.775308823781732048e-01
-6.952238227527404169e-01
1.000000000000000000e+00
-4.361117158204929067e-01
-9.403078875845420903e-01
8.322393811231013627e-01
-1.000000000000000000e+00
-1.085017991654924768e-01
-1.485134989048179921e-01
-9.961040639543169428e-01
-2.798095552152122245e-01
-6.131525124846559649e-01
6.456857957505543477e-02
-9.986575720855355165e-01
-1.000000000000000000e+00
-9.983089119444551462e-01
-9.889846888195591434e-01
-9.268981724244567122e-01
-1.000000000000000000e+00
-3.891257914250101924e-01
-1.918169178072549608e-01
4.330676066717696893e-01
-3.869715945391857259e-01
-8.220163056314375716e-01
-6.294984460815253313e-02
8.275589314289576170e-02
-4.060681408962268923e-01
1.000000000000000000e+00
-9.303542807716043139e-01
1.686636890051248228e-01
-9.255360187863005406e-01
-9.983814361577403318e-01
-7.192229538499964603e-01
-8.361105239479994511e-01
-2.848078514599542421e-01
-9.103015381911740977e-01
1.000000000000000000e+00
8.518560191772278634e-02
-1.000000000000000000e+00
-9.942395568662985017e-01
-9.993392434819727832e-01
1.939568487847992129e-01
1.434074859463128904e-01
4.232158917631172468e-01
-9.981987425488861865e-01
-9.393781994093710619e-01
-7.545912663749289040e-01
-2.976990485793410413e-01
9.136848235971982701e-01
-6.616767696942609245e-01
-7.554782902526649968e-01
-3.493195186768374705e-01
-4.190212307821013504e-01
-1.000000000000000000e+00
-8.920294794335669186e-01
2.296269706739069993e-01
-4.917858367509460038e-01
7.809674323075223024e-01
-2.349765759028148437e-01
9.419282064641978369e-01
8.424106999118626815e-01
4.146223204962253273e-01
9.597527913211797435e-01
3.136088414684382597e-01
1.000000000000000000e+00
3.338574818839616931e-01
8.730418773935064713e-01
5.197325062755384639e-01
1.000000000000000000e+00
-2.024212420154472558e-01
7.914523176785656089e-01
2.207545009598797445e-02
9.362592205519328914e-01
8.084352698425628647e-01
-1.307464929731178560e-01
9.754578960532054310e-01
-1.000000000000000000e+00
-1.000000000000000000e+00
-3.183247863982614778e-03
-4.401108953537331142e-02
-1.888338080227705829e-01
-2.563863422891232147e-01
-9.661570872886702244e-01
2.727102962390524077e-01
1.000000000000000000e+00
-4.228751916097059915e-01
-9.513158081330699289e-01
-9.180384860754640108e-01
-9.845246738982861290e-01
7.659107828819946562e-01
-8.501997657713020740e-01
1.850574759212712250e-01
1.000000000000000000e+00
1.425723106544412311e-01
8.921282360034800130e-01
3.424429725325667251e-01
-5.861424671585732105e-01
-9.932838982180480780e-01
6.411588572171940115e-01
4.371970937407178015e-01
-3.688454835148498590e-01
-8.613325073523629694e-02
2.907378235146534928e-01
-9.024622578795387096e-01
-6.300624765961218010e-01
-9.122960471047889541e-01
-8.576916549670859924e-01
-8.996028032610749181e-02
-1.000000000000000000e+00
-1.000000000000000000e+00
-1.000000000000000000e+00
-6.050152712744478745e-01
9.945159615286520705e-01
9.500946380496864130e-01
2.999283333088945680e-01
7.465768533952776842e-01
-9.824272517627073709e-02
-6.187335936807909498e-01
1.054312500907431394e-01
1.733804161762428908e-01
1.264136915278398221e-01
1.000000000000000000e+00
4.497422234103962135e-01
-7.376725853038483827e-01
-4.605175018794815389e-01
2.381750587815021358e-01
-2.183093803502625663e-01
-1.593362717634817238e-01
-9.512475042046009133e-01
-9.856199167005177397e-01
6.653146203802746683e-01
-1.574823261597474711e-01
2.694985995130084744e-01
8.151894360684414087e-01
-1.474292403981018740e-01
-5.791495992320103495e-03
-1.000000000000000000e+00
-3.788025993768932009e-01
-2.586994417393897461e-01
-1.163071646160316330e-01
-9.967232566242790748e-01
-1.000000000000000000e+00
-8.563775197895484581e-01
1.000000000000000000e+00
-9.833126495670938549e-01
-7.462142563246335625e-01
-1.000000000000000000e+00
4.382270279582389239e-01
1.306655288848148633e-01
-6.087345383273005117e-01
6.053257690254134626e-01
-9.950637348050076492e-01
-7.871595076753937770e-01
-9.752621538579658855e-01
-1.000000000000000000e+00
-7.674550517167872954e-01
-9.290850701314262716e-01
-1.000000000000000000e+00
-7.115883648800482852e-01
8.190699097963345388e-01
1.010325271999595043e-01
4.032569640209783257e-01
-3.341851273165287184e-01
-1.761615944730137162e-01
5.206689781294226993e-01
-9.712968206710696772e-02
1.698149479499825310e-01
-5.933075261822919888e-01
-1.000000000000000000e+00
-1.000000000000000000e+00
-1.000000000000000000e+00
1.000000000000000000e+00
6.828312912263496681e-01
3.256239695681488466e-02
-6.926568294200853293e-01
-7.328929127948783373e-01
-1.000000000000000000e+00
-1.000000000000000000e+00
-1.000000000000000000e+00
-1.000000000000000000e+00
1.197096253607147220e-01
-6.181861764669973613e-01
-2.004929650243985895e-01
2.974387714637258817e-01
-2.223362050717693217e-01
-9.431272130221850514e-01
-1.000000000000000000e+00
-1.000000000000000000e+00
9.871249420068457514e-01
-1.000000000000000000e+00
5.764750077356814995e-01
-7.759316970893997967e-01
6.890382328103094034e-01
9.497711608734803468e-01
-1.402139361971709297e-01
-6.195696384739310947e-01
-1.000000000000000000e+00
-6.448553640745073867e-01
-2.227899945347328048e-01
1.000000000000000000e+00
1.599606241849706456e-01
1.085982443189535962e-01
6.288659533777829491e-01
1.445636725741522577e-01
3.847001922645551519e-01
7.099802959474932340e-01
-3.867635871707280071e-01
6.296884202599846159e-01
2.459125211883223666e-02
-1.506917816902165475e-01
1.089724899897628330e-01
5.065094359286310688e-01
1.000000000000000000e+00
-1.000000000000000000e+00
-1.045591412411923382e-01
3.115881897092629971e-01
3.535676025098633546e-01
9.792132086940688040e-01
8.092230780256788325e-01
5.904631288798899424e-01
1.500920824493661154e-01
2.347191502165593135e-01
2.503859630661343649e-01
2.229388332063513556e-01
5.962667163516074398e-01
1.427616266236345910e-01
-1.260459275537929025e-01
6.166250164919189203e-01
4.815622694020947892e-01
5.602547206868941920e-01
-1.822561467052593448e-02
-2.895066578715617123e-01
1.270696765935208361e-01
-9.295018759043076617e-01
-3.181785446758481073e-01
-4.775375115370410206e-02
1.000000000000000000e+00
7.355515530030604099e-01
-5.784996458674348530e-01
2.927584899814388852e-01
8.021347678734537245e-01
2.005867716687201596e-01
-7.824033678295870819e-01
