-4.920774875941248683e-02
7.922942488630222435e-01
9.071266571228923103e-01
6.090353130907730783e-01
4.104919109456051096e-01
6.838684301908121155e-02
3.755674667671656539e-04
5.411701429350395109e-01
3.590030585634683691e-01
4.627392241353027180e-01
-2.445429680421810914e-01
-1.000000000000000000e+00
4.403690192676124049e-01
9.866617390355320039e-02
-1.000000000000000000e+00
4.574502536577773615e-01
2.216031290162660539e-01
9.986935835940722317e-01
-4.286179310756472738e-01
-1.000000000000000000e+00
-2.307120510805658366e-03
7.392153535235220785e-01
9.818948205844609811e-01
1.401069888116318884e-01
1.481498699881683145e-01
-2.685849628021594326e-01
-7.361872036226906058e-02
2.842765200163939188e-01
8.042310234459145724e-01
1.000000000000000000e+00
1.000000000000000000e+00
2.983098691091474741e-01
3.874509671750668849e-01
1.000000000000000000e+00
4.501766721723280407e-01
-4.458065428467356539e-01
7.574854782019192490e-01
8.328797900142355104e-01
3.427875689931592085e-01
-2.229154257684572704e-01
9.998245861684812441e-01
-9.970413477374473477e-01
-9.982487871946584823e-01
-9.999627932771935068e-01
5.095731839739480185e-01
-5.772136350841777785e-01
-9.598619565860617708e-01
-4.444040920455327726e-01
4.812149777929553007e-01
-2.856962292394706893e-01
-7.355189331761663452e-01
-1.316840924304962246e-01
8.107412230265681474e-01
-1.124828971019952301e-01
-9.422457262570431702e-01
-1.000000000000000000e+00
9.860283864943886201e-01
1.000000000000000000e+00
-1.000000000000000000e+00
4.193572882036212257e-01
-3.656173518464762018e-01
1.568339075622287582e-01
-1.000000000000000000e+00
-1.000000000000000000e+00
-1.000000000000000000e+00
-7.910858081972395039e-01
-1.000000000000000000e+00
8.117985692808206144e-01
3.141148099846896580e-01
1.000000000000000000e+00
6.161898428008548700e-01
-1.000000000000000000e+00
1.000000000000000000e+00
1.000000000000000000e+00
1.000000000000000000e+00
1.000000000000000000e+00
1.000000000000000000e+00
-9.928848336275037934e-01
1.000000000000000000e+00
-3.540149095608649543e-01
-1.531338825062829312e-02
-1.358343687729053340e-01
9.755701167355933512e-01
1.000000000000000000e+00
3.741884459829112330e-01
-9.975579807039279823e-01
5.963694091449662782e-01
1.000000000000000000e+00
9.855190315892113917e-01
7.281054123302000969e-01
9.766377561485870551e-01
1.145479033750562564e-01
5.892646118726713005e-03
3.897413674706803888e-01
5.718450518977347130e-01
5.887671223968700129e-01
1.000000000000000000e+00
9.345700976811761596e-01
1.000000000000000000e+00
1.000000000000000000e+00
9.983900408348550526e-01
-1.000000000000000000e+00
3.859439872311918318e-01
1.000000000000000000e+00
9.999999999914358506e-01
9.354739575597995627e-01
-1.000000000000000000e+00
9.999999999941034945e-01
9.949852903671734250e-01
-9.729964670650652625e-01
1.000000000000000000e+00
-2.901726020140256157e-01
4.437843442269001071e-01
1.653673115735098190e-02
-1.000000000000000000e+00
-1.000000000000000000e+00
9.881448167629600654e-01
3.576887702975258820e-01
-1.000000000000000000e+00
1.000000000000000000e+00
-1.000000000000000000e+00
-1.000000000000000000e+00
-6.825876828028492049e-01
4.564024246161024756e-01
9.225674301187222204e-01
9.918482045428840266e-01
-6.339250104361686677e-01
1.000000000000000000e+00
-9.196062068263236577e-01
-7.933952289775452194e-01
6.706156554224033117e-01
1.000000000000000000e+00
1.297463885774427228e-01
-1.000000000000000000e+00
1.000000000000000000e+00
-9.484945754536727724e-01
-9.997115412533107426e-01
-7.469631921758862481e-01
-9.989804677561796575e-01
-9.943980145092808920e-01
-1.000000000000000000e+00
-9.949587344947359302e-01
4.335212670909460164e-01
3.182862696816537995e-02
-1.000000000000000000e+00
-9.998645522491040882e-01
-3.829116963267221729e-01
1.000000000000000000e+00
-1.000000000000000000e+00
-9.761087601136126946e-01
-4.036142266203915918e-01
9.943679394848146114e-01
-3.238168429621560707e-01
6.086336008003399023e-01
-2.390159559499923092e-01
3.528256910478722030e-01
1.000000000000000000e+00
-1.000000000000000000e+00
-1.000000000000000000e+00
1.000000000000000000e+00
-8.537517052840125631e-01
-3.030582355022765073e-01
-5.134807972048220925e-01
-4.154875465325485462e-01
1.000000000000000000e+00
-9.993930940299564636e-01
-9.992466636867760599e-01
-8.113865332089589266e-01
1.000000000000000000e+00
-1.000000000000000000e+00
-1.000000000000000000e+00
1.000000000000000000e+00
1.000000000000000000e+00
-6.702863056097099204e-01
-6.070625184325794121e-01
5.833986677389826209e-02
9.999999999995532463e-01
1.000000000000000000e+00
8.849355818854605094e-01
6.234455803921067352e-01
1.000000000000000000e+00
5.921621276332187378e-01
8.679365265557374975e-01
-1.194874390504434836e-01
-9.299406177773548166e-01
1.000000000000000000e+00
7.083364065455682868e-01
9.422505841416869421e-01
9.986876224567770022e-01
8.403549836510894044e-01
1.000000000000000000e+00
-1.000000000000000000e+00
-1.000000000000000000e+00
-9.999080548401699797e-01
-8.930381584108858517e-01
-9.036279446892345746e-01
-9.945685847800254109e-01
9.697500096721628493e-01
1.000000000000000000e+00
-9.233805408486055466e-01
-1.000000000000000000e+00
-2.907493597349259384e-01
9.145980790533789762e-01
3.132822250745632697e-01
9.792748139928868500e-01
7.311759257025274295e-01
-6.672635421827052826e-02
7.164381232746808159e-01
2.974631583465889295e-01
9.498538771389817281e-01
1.000000000000000000e+00
1.000000000000000000e+00
9.656372199290631508e-01
9.663704601565850094e-01
4.935849861402845651e-01
8.621301773060335849e-01
-9.740365328700062442e-01
-1.000000000000000000e+00
-8.990404604073035100e-02
7.094819992186026658e-01
-7.496052076162001976e-01
2.876169065781588041e-01
8.493454358106100610e-01
