-4.920774875941248683e-02
7.922942488630222435e-01
9.071266571228923103e-01
6.090353130907730783e-01
4.104919109456051096e-01
6.838684301908121155e-02
3.755674667671656539e-04
5.411701429350395109e-01
-3.931852630268841686e-01
-5.661941292854311136e-01
-6.474405848430457855e-01
-5.246807259685239977e-01
-5.881393000253413161e-01
-6.319914750678939930e-01
-5.929701730359614453e-01
-9.750643621909647063e-01
-3.774840064943273954e-01
-4.151541616754306219e-01
-3.393689239936869551e-01
-2.316024357403904943e-01
3.876765894645985977e-01
2.312774980684303427e-01
2.122337694371131123e-01
-4.717676260698543955e-01
-2.247397314780709698e-01
-9.778870055426817920e-02
-1.410861427553342096e-01
-1.913703250749732299e-01
-2.195334028146056493e-01
-2.731264697305019196e-01
-3.355869943740902861e-01
-3.503186908514868136e-01
-3.549049412330655406e-01
-1.730897165816944194e-02
4.989478330952091256e-01
3.636293679400058876e-01
6.723686990559842869e-01
9.930894785707676808e-01
9.544750589565641485e-01
2.995082163125795116e-01
2.586442220681231530e-01
-1.314330841869560951e-01
-5.525590870778358532e-01
-1.000000000000000000e+00
-5.817647831905901207e-02
-3.776353917159017137e-01
-2.174565854844737745e-01
-9.226936517228399026e-01
4.926324212990969009e-01
5.977486502655769973e-01
9.104606215076817000e-01
1.000000000000000000e+00
2.605334095496906754e-01
-1.000000000000000000e+00
-1.000000000000000000e+00
-1.000000000000000000e+00
1.000000000000000000e+00
8.882153873104348119e-01
8.296595823093591004e-01
7.399254799654167436e-02
3.675210006195575585e-01
-4.752984507137211767e-01
-9.999494909126737108e-01
-1.000000000000000000e+00
5.854708730327448096e-01
1.000000000000000000e+00
2.788574583444348720e-01
-9.970940741926708206e-01
-9.978124453067837019e-01
1.000000000000000000e+00
6.390142470886320814e-01
-2.847145452591695602e-02
-7.246667521109403931e-02
-1.933076407476830572e-01
4.741793584236064785e-01
1.000000000000000000e+00
4.170000359677925039e-01
9.436719106762110343e-01
-1.000000000000000000e+00
-9.154603662630456107e-01
-8.518952344190811043e-01
-5.359735910383146562e-01
4.673827449663726097e-01
4.306226257491570508e-01
4.543627361717855195e-01
3.003129640295459368e-01
1.000000000000000000e+00
-7.455397786853921183e-01
-5.598463790814487417e-01
-3.014465637923374047e-02
4.155749434680982568e-01
7.656644961950868078e-01
9.874895145670005148e-01
6.599906373897653777e-01
-7.775721751583333785e-02
5.045785858663029977e-01
1.000000000000000000e+00
9.962739812874286116e-01
1.000000000000000000e+00
-1.549918804108281756e-01
2.849135190609242141e-01
9.986850956418120706e-01
-5.322211122056942356e-01
-6.698332135322479508e-02
1.000000000000000000e+00
9.906795786261722858e-01
6.626188596249305007e-01
9.707465071818197622e-01
1.834806321609058488e-01
9.689985808671273126e-01
1.092808971292854731e-01
9.915508750975410290e-01
-4.869064410305466023e-02
-3.453999975125742194e-01
-1.000000000000000000e+00
-1.000000000000000000e+00
4.330604042920113694e-01
8.897721870227373597e-02
7.842564396358370216e-01
9.930627349568650342e-01
5.657873615996290573e-01
2.271735333259890521e-01
-1.911289455133667325e-01
9.272897140015541328e-01
9.670379987150129475e-01
2.106359320888041564e-01
-2.012404058539616902e-01
2.064282028597625440e-01
2.093743611213785272e-01
1.000000000000000000e+00
6.898673940196856647e-01
-5.779514585864152509e-02
-4.064228814055364375e-02
-1.074469125485713050e-01
-9.512303498982226380e-01
-3.672130242364113895e-01
-3.615524880019439502e-01
-3.693038413519151297e-01
2.406047648383216608e-02
9.100718481497485635e-02
1.000000000000000000e+00
1.451483396370884249e-01
-1.109565105724580475e-01
4.175713487302021854e-01
1.000000000000000000e+00
-2.096338412040417154e-01
-8.636761015058125324e-02
6.996132239823431576e-01
5.784352405593379265e-01
3.651222051686380254e-01
-9.627941384066492914e-01
-9.747104603574726633e-01
9.755308925888795946e-01
9.176716734766293682e-01
5.222149632796949659e-01
9.600735054182256700e-01
3.725565608033153953e-01
5.522487941137738110e-01
6.511017771111781149e-01
1.914297597047080468e-01
1.947011488613144964e-02
7.005669379973124000e-01
1.000000000000000000e+00
1.000000000000000000e+00
2.818183423062121107e-01
1.458128290328293553e-01
4.034391261907035453e-01
-4.040693024852718557e-02
1.000000000000000000e+00
1.219919138314120161e-01
2.977845761480529263e-01
5.185623082100304648e-01
6.104915623953801607e-01
5.550550954091123534e-01
1.000000000000000000e+00
-2.550986737475146038e-01
9.929278448733618312e-01
8.773228024832501193e-01
9.957353813472381576e-01
7.367469223243258147e-01
3.563521191090329165e-01
7.943835713667766196e-01
9.663675954324862927e-01
4.924246629744107318e-01
1.000000000000000000e+00
7.553112461547030199e-01
7.101249787266729063e-01
3.949018135456913714e-01
1.000000000000000000e+00
1.311310427157401370e-02
-9.417709818591304405e-01
5.039532062794387368e-01
6.594831704906330971e-01
-5.002133851035426293e-01
-2.905308131502706281e-01
-4.057287478047851836e-01
-9.206775321239724086e-01
-9.321111480606678601e-01
-9.672847609851933370e-01
9.304344251723692949e-01
1.000000000000000000e+00
1.000000000000000000e+00
1.000000000000000000e+00
1.000000000000000000e+00
1.000000000000000000e+00
9.589009231291983903e-01
4.752505244206526869e-01
1.131212651224168947e-01
-5.396167656991501804e-01
3.991458976778896606e-01
4.592658848517878756e-01
9.522773860363451526e-01
9.998940861703213834e-01
5.688714060909773051e-01
1.398459465609489250e-01
-7.320608185571268745e-02
-8.346820296274121143e-02
5.931504680396627593e-01
3.407845698111258703e-01
3.243499427065230645e-01
9.660936077021856083e-02
5.570521217276465098e-01
9.462728969739966356e-01
7.783232190880980117e-02
4.524197739550718522e-02
2.863237786518679773e-01
1.000000000000000000e+00
9.384147116599660388e-01
-1.584906927015989064e-01
-6.907653293133532157e-01
3.163995240862090275e-01
6.447407168585249648e-01
9.215280290946279429e-01
3.332175031865827197e-01
1.954342622847106137e-01
1.407228359138035789e-01
6.318616548320943327e-01
1.000000000000000000e+00
-1.514544286989151500e-01
-1.520520617408662734e-01
-1.034899002164604287e-01
-5.766476543533066018e-02
1.000000000000000000e+00
5.436246899432128910e-01
1.816118182288389837e-01
8.986217135509033671e-02
1.018818602382451505e-01
8.950119191389021012e-01
8.227723333139600470e-01
5.433699352651062409e-01
-4.332588670468666692e-01
-3.279042934354435279e-01
-8.616277605437383524e-01
-7.081622858646834384e-01
-6.103954297163776133e-01
8.890784996664639062e-01
1.000000000000000000e+00
4.273676790694548311e-01
7.918078911165352674e-01
7.124729769067910112e-01
5.793599470832851983e-01
-6.287884150927121052e-01
8.643483413342684107e-02
-5.246662803208372861e-01
-9.897665391676844227e-01
8.721169159762170997e-01
1.000000000000000000e+00
1.000000000000000000e+00
7.864536720146342308e-01
3.847882574797072408e-01
9.514984770015373350e-01
8.035247636152896833e-01
3.077397074766815011e-01
1.000000000000000000e+00
6.767968008086153731e-01
9.681137402602516540e-01
8.951621524854224132e-01
3.984534384303262122e-01
-6.699484548244774018e-01
3.443957147238093652e-01
1.000000000000000000e+00
1.000000000000000000e+00
1.000000000000000000e+00
5.669476854192304627e-01
1.510259073140587938e-01
1.000000000000000000e+00
1.000000000000000000e+00
1.000000000000000000e+00
1.000000000000000000e+00
8.848275228372001200e-01
8.575064888683918696e-01
4.222307583033868550e-01
-3.716744104352769085e-02
1.000000000000000000e+00
6.715382476613289686e-01
4.727677630386801222e-01
6.190438468336639799e-01
3.248712370306068298e-01
1.000000000000000000e+00
6.226121437871103836e-01
-4.738116271041988709e-02
1.157359759040425262e-01
1.109177765694877166e-01
-4.709510439926588576e-01
5.679135933071053355e-01
8.813259234331152769e-02
2.604709118242444221e-01
8.519837413911945934e-01
8.362488333102975346e-01
7.888503333485820113e-01
1.000000000000000000e+00
5.109307658884725267e-01
-1.000000000000000000e+00
4.545472650139925630e-01
1.000000000000000000e+00
9.828374494969627229e-01
-7.657805760240572468e-01
-1.000000000000000000e+00
-4.521177551477575385e-01
9.985758531639508107e-01
7.268106204657567293e-01
9.285755158509141349e-01
-6.001861956752793104e-01
-7.267448026791798465e-01
-8.117767450913421223e-01
-4.620773278946828655e-01
