-2.503895584000844776e-01
0.000000000000000000e+00
7.093154238660596134e-01
9.999966654228045204e-01
1.114551888366180632e-01
1.303994728938003556e-01
0.000000000000000000e+00
2.263489909944585321e+00
-3.577042760294909390e-02
2.874404677075178410e-02
2.867789184988796605e-02
-3.595236957588154175e-02
3.144259175875842305e-02
3.324439117320419912e-02
3.427114473363795932e-02
3.461693864621955691e-02
-3.204929771919112769e-02
3.169260346627652408e-02
3.169626913035168692e-02
3.164013651543716443e-02
4.745479932396434730e-02
8.330948568440781077e-02
9.351188301856309948e-02
7.339043328800856636e-02
4.641170181356239766e-02
4.677239000828498777e-02
4.833887432706117371e-02
5.897919501317140656e-02
8.591993803651300221e-02
-5.276724403468784352e-01
-1.890519483952604329e-01
-4.067841922290652557e-01
-3.466060063244557482e-02
-9.142652478320923912e-03
1.103536162760373057e-01
6.140180686500779084e-02
-5.475180383326856692e-02
7.846619520959352903e-03
-4.014142369014246925e-01
-4.439570546459093575e-02
5.659971962070180912e-02
-6.679512949514367082e-02
-8.019922339205223794e-02
2.183476850132101688e-02
-6.440751008962886104e-02
3.183661331100545722e-02
6.484283054507111732e-02
2.227095411547649895e-02
4.538824321118035271e-02
4.617679781679218803e-02
5.068545956987278306e-02
9.957061793339995470e-02
-4.368887413150918803e-02
-7.971772092949153121e-02
-2.973414967639477144e-02
-1.760129808854417723e-03
1.320863444343694723e-02
3.363834407468987986e-02
-4.437016948787771142e-02
-4.177690062624302147e-02
1.817969007634508416e-01
-3.121873145700216831e-02
-3.350979425712895948e-02
3.079175510126874737e-02
4.428527276110939825e-02
4.934563115446576054e-02
7.768636144701725199e-02
-1.431993117326634153e-02
-2.276878037452685979e-02
-2.614187921783345248e-02
-4.539069916712670794e-02
-1.739396561771292676e-02
3.626246237022621999e-02
4.726709746126544348e-02
4.244445434471969675e-02
5.696529779393125215e-02
5.828453233285834506e-02
6.129139507181126378e-02
6.146658256837244511e-02
6.237391921748473844e-02
6.356038457635107553e-02
6.383652077076731879e-02
4.745565722660789049e-02
-3.943084560801567856e-02
-5.623788653758596268e-02
-4.366916299965404452e-02
-4.109792393014448375e-02
-1.346641059663188089e-02
4.227827311531968946e-02
4.971845213149611031e-01
1.066554302122955933e-01
-2.011565217607846120e-03
1.651462841294820336e-02
3.251219826239477168e-02
-4.568948682654457860e-01
6.658418019660947151e-02
3.200201086702914727e-02
4.838321007973050286e-02
3.028786121648631702e-01
1.456122882360826598e-01
-1.330250001092551093e-01
8.816317465418795074e-02
5.439059058890035464e-02
-1.390869863649335236e-01
-2.297775912842714430e-01
-2.337030301025248835e-01
-1.951730055123035434e-01
-2.044816132721016255e-01
-1.175728801603918849e-01
3.932171563030308764e-02
-9.590699737845903572e-02
1.726760221371201054e-01
-2.044499540858220055e-01
-3.658565326927388783e-01
-8.981577344899530080e-02
1.212364210249355645e-01
9.704394227386128891e-02
2.430898879028142723e-01
8.892532566523689286e-02
-1.529794854466578757e-01
7.809306070725453575e-01
3.401962754873232297e-01
2.791745173461198659e-01
3.989966632382097589e-01
-1.362536616346054219e-01
1.015345772546625280e-01
-2.549194827503105110e-01
1.486504164525642713e-01
3.586367284180251302e-01
3.958352536416481215e-01
1.730408608935521397e-01
2.064303058392212287e-01
1.501119195438907206e-01
3.001758708201878179e-01
3.163516397401224811e-01
5.816397212258250793e-01
6.627685221036934138e-01
7.117538581920749285e-01
6.811516931734850067e-01
3.084043720461918103e-01
1.673068708266221560e-01
5.492670070738145949e-01
6.571346252477104910e-01
-1.624885684848460105e-02
-2.026588469429612197e-02
2.399987559993513059e-03
5.121470409990019901e-02
5.521507028940544903e-02
4.631903157180317088e-02
5.340989358839987045e-02
-4.617437660210639561e-02
-5.261945501396289582e-02
-5.292056701566200116e-02
8.443166040212777765e-04
4.963840408722651476e-02
3.635130181094375912e-02
4.894336823205148318e-02
3.284693822478110953e-02
4.068332420028996504e-02
-9.790079678186795059e-03
-2.479998263448551787e-02
7.860953992049468653e-02
-7.306459463376389907e-02
-3.087265443047648109e-03
8.849159306039692445e-05
-1.469348561401866843e-02
-1.680872796600217309e-02
1.699846056968709260e-02
3.802440479157142422e-02
3.768962548604515295e-02
-7.844524265360301729e-03
-2.979014001464132515e-03
-3.582055011121511919e-03
-3.456355332676989620e-03
-3.504509127438690079e-03
-5.341844898902927546e-02
5.282595328660124462e-02
5.549023413797652543e-02
5.773655630938152178e-02
3.441085971210919997e-02
-3.061392673964554584e-02
-1.427735151598151161e-02
1.885443263099359154e-02
-3.827835932698049615e-02
