-3.059563106270388744e-01
0.000000000000000000e+00
7.093421988632014896e-01
9.999986085318077755e-01
1.114708718043836005e-01
1.304025944401153436e-01
0.000000000000000000e+00
3.642918673433120258e+00
-2.336571935588712678e-01
1.485935170108656778e-01
1.462343335416298740e-01
-2.366260089576660564e-01
2.168802096360308018e-01
2.342223594946417353e-01
2.259847435190215359e-01
2.255904988534745970e-01
-1.774010478493023568e-01
1.672728087415215059e-01
1.481392845654362078e-01
1.475284051447131040e-01
3.544930361310553724e-01
4.306369827124847394e-01
4.897655758527870717e-01
2.672276123816360038e-01
1.723465576038114566e-01
1.948820055628440739e-01
2.342579872262346985e-01
3.006666157945857565e-01
2.420039749017853792e-01
-6.217244087411687437e-01
-2.933220809783772531e-01
-4.216860385061222405e-01
5.124412408566677429e-02
4.903595214681034237e-02
1.657755279497608869e-01
2.134650000819213744e-01
2.276500921977953340e-01
2.830956726001441215e-01
-1.965331445645004671e-01
2.344151596341137178e-01
9.488139435667547472e-01
-4.941233888698024490e-01
-3.225501277889232798e-01
-1.015060230408271619e-01
1.132296135669003528e-01
3.017473404253148139e-01
1.557912226476759754e-01
2.298760319201504643e-01
4.215242033665035359e-01
5.428305832157710453e-01
5.109941563501115835e-01
2.953896883748430291e-01
3.481386904276038696e-01
1.415093247319589020e-01
3.732602263387576058e-01
-4.401258977845015075e-01
-2.750516390575336589e-01
-4.643696005798053639e-01
-1.546473463726098230e-01
-7.631078171975198832e-02
2.510435122168362398e-01
5.680112153148866166e-02
2.793810063761145712e-02
-2.545707226631073183e-01
-1.636703193429844272e-01
1.896469039408003043e-01
4.299980748661726415e-01
-5.027270223494723772e-02
-3.261012697549884876e-01
2.777223100547306922e-01
2.106885676099816695e-01
4.779135809806495105e-01
6.980478876245058695e-01
9.017773859650729529e-01
4.516964461795900942e-01
7.467307078030945011e-02
3.141965264582129852e-02
1.214867351324959294e-01
1.124795305532920175e-01
-1.232710868565618512e-01
-1.501052251271894344e-01
-1.555936070551159900e-01
3.053761088012140745e-01
7.496816458900927571e-03
-2.032832735562150328e-01
-4.994239397806896769e-02
-4.219834902959720448e-03
4.464602934939606443e-02
-2.071680507943282901e-01
2.646342947769952381e-01
2.403428985178718003e-01
1.294624478481763430e-01
1.464435823812191007e-01
2.321936660950604525e-01
-5.574594045991764224e-01
-5.108140822737394088e-02
1.366693013308626081e-01
2.604700775868003526e-01
2.674102105810323426e-02
1.343919771092556559e-01
-6.372306923713061400e-02
1.892351286979939984e-01
1.123118545220964243e-01
-4.439840372881871944e-01
3.243539826993780545e-02
-1.012698766168819986e-01
5.623985867771351399e-02
-1.636259325111164009e-01
-3.034607773495994198e-01
3.739473935038037933e-01
1.374931304954258790e-02
1.329521882118822329e-01
-5.607419545166677510e-01
-5.458716870838349333e-01
-4.166837665727074480e-01
-7.893207645453813315e-02
6.687402528921591871e-02
3.547863481089282289e-01
-2.689745926917361807e-01
-1.047881930543882595e-01
1.000000000000000000e+00
3.549444441899121672e-01
2.377498041765592485e-02
3.047482058868177801e-01
2.471712357047639308e-01
-1.760125666112554409e-03
-2.248824796948717397e-01
-1.587883656888228884e-02
1.930034755324304130e-01
3.588341726466057896e-02
-5.702396369697997763e-02
6.246072354367545598e-01
-9.922723253440191016e-02
2.701394548228905346e-01
3.441895194296544780e-01
7.342834780120568450e-01
6.309354314477997328e-01
8.650252406914370473e-01
5.927403279392362556e-01
1.214451772677456742e-01
2.568798380438230833e-01
7.650692405952076447e-01
1.000000000000000000e+00
-7.924016041665650489e-02
1.437555091425370690e-01
3.383757071375393388e-01
3.079412054643606012e-01
3.612476083899351376e-01
3.381829361363890563e-01
3.424154547323060016e-01
-3.111544472756487267e-01
-3.577495135278553895e-01
-3.596449039168264084e-01
-3.029564961997686656e-01
3.332909130511449436e-01
3.200234458610498600e-01
3.434256726008053096e-01
2.700730550945885100e-01
3.326006185164112616e-01
1.663404381757291606e-01
1.689351278974864923e-01
2.361881262779759183e-01
-2.161932152933472018e-01
2.016548991984012384e-01
9.030629447244091501e-02
1.642699352384299483e-01
1.235013482283060238e-01
1.928474344516032113e-01
1.692168353975829487e-01
1.683727670990263769e-01
1.279939205681498438e-01
-1.782462294562850158e-01
-1.810605986297156578e-01
-1.813196689873021183e-01
-1.842183674452937681e-01
5.518000250817204494e-02
2.113333814342999162e-01
2.052616781454353889e-01
2.219444305515304028e-01
1.775383701769631395e-01
-2.026801507221918930e-01
1.407261038634073647e-01
1.854005567578093649e-01
-2.152444165309689295e-01
