-1.037512698378749709e-01
2.335578106945032095e-01
1.000000000000000000e+00
6.676035653849888840e-01
3.483937578107328958e-01
2.194563236318037777e-02
5.020484165054006458e-04
5.619814866680888921e-01
-5.242840703212415798e-01
-2.192510771232816513e-01
-2.655985933943702873e-02
-4.854243387143350463e-01
-5.588376258380509665e-01
-4.682688818299519107e-01
-3.046098415563828210e-01
-2.018901668744854938e-01
-8.476130651846236486e-02
-2.848325337048275840e-01
-1.000000000000000000e+00
-7.465987369008887375e-01
-8.233456098355262931e-01
-8.475903918320212282e-01
-6.421111337090150695e-01
-3.414468260166207969e-01
-2.329908721166322194e-01
-3.045481237600113356e-01
-6.221144088400598626e-01
-3.830214410184127893e-01
-2.072397157975499060e-01
-9.442543563862993983e-01
-9.918241399200411479e-01
2.591152108672927779e-01
5.058015453441870868e-01
-7.395452353897260522e-01
7.743122997209812564e-01
-5.493837059557125091e-01
-2.153545929122417935e-01
7.164004566128554519e-01
6.503469986283572091e-01
-2.481555025669313630e-01
-6.245605850031800133e-01
-7.100514153586582333e-01
-9.886763122170660889e-01
-1.000000000000000000e+00
-3.055524920686555901e-01
-1.000000000000000000e+00
6.919192659277373370e-01
-9.034493693973051354e-01
2.340561178747164461e-01
4.223843074068913128e-01
-2.877063647735493279e-01
1.000000000000000000e+00
-6.656195714385887419e-01
-1.000000000000000000e+00
-5.120129377112256908e-01
-9.795015468538795789e-01
4.530356223090348800e-01
1.365456057896708431e-01
-5.927685061309836412e-01
9.669739233974090631e-01
-8.004977294381480091e-01
-1.073338228108532688e-01
-4.436681318483509107e-01
-3.573878338310003122e-01
9.953359873859042306e-01
9.669744525167165428e-01
4.575618375867263055e-01
-9.755403403853375455e-01
-1.879802779860328121e-01
1.000000000000000000e+00
1.000000000000000000e+00
-4.872493237562096624e-01
-3.367741071341008863e-01
2.390427443286960163e-01
6.705767566021809678e-01
8.578447732242198143e-01
-1.974346243454785585e-02
-2.902958932182720386e-01
-2.739422619061644970e-01
-8.788477853065143064e-01
-9.413257630192950476e-01
-5.047985390244955628e-01
3.134048497690660184e-01
8.989340704383373959e-01
9.617634752888624128e-01
2.689700440457009623e-01
1.000000000000000000e+00
3.098576252042283818e-01
-3.104093329220407593e-01
-1.216660020534479116e-03
7.768597345674599364e-02
5.267102649962240868e-01
4.452883967052162495e-01
9.402273664735801839e-01
-1.155354290285773022e-01
8.307924229344300082e-01
9.258001079952468126e-01
1.000000000000000000e+00
1.000000000000000000e+00
-2.557687612671026844e-01
-2.296057401703106016e-01
-2.656653605971536214e-01
-1.000000000000000000e+00
-9.072626263559809834e-01
1.000000000000000000e+00
9.857109476539289705e-01
2.336337524408735877e-01
1.000000000000000000e+00
-9.234377339793999884e-01
1.156169044938016102e-02
3.135644768861247655e-01
1.000000000000000000e+00
-6.784311245849106164e-01
-1.000000000000000000e+00
-6.518312214868068333e-01
-5.842174417564667266e-01
1.000000000000000000e+00
-4.557728382241076348e-01
-3.849530557642331652e-01
-6.561203625084016666e-01
9.453819062068501422e-01
3.936779468709571406e-01
8.316743157927753982e-01
8.078017683945529770e-01
1.000000000000000000e+00
-1.000000000000000000e+00
-1.000000000000000000e+00
-6.144204182860270660e-03
2.148031782757665875e-01
1.000000000000000000e+00
6.746936437350712357e-01
-6.818390510992121678e-01
-9.984669254246704151e-01
-7.980220249816448730e-01
-9.921666281231661388e-01
-2.866562999801722800e-01
4.614560362467685639e-01
-1.000000000000000000e+00
-9.636215673248439417e-01
-6.995750332119260451e-01
1.000000000000000000e+00
-2.075939038558612393e-01
3.058468865492809385e-01
-1.639368880537263040e-01
1.798328575761225234e-01
-7.333384903455583137e-01
8.092151567834636738e-01
1.000000000000000000e+00
1.000000000000000000e+00
3.760365052208289871e-01
-1.000000000000000000e+00
-8.222358954384864083e-01
9.987204029623558688e-01
3.668276278282523450e-01
1.000000000000000000e+00
5.212774871955543343e-01
1.272712258046259648e-01
1.247609684889372655e-01
1.789484906810594467e-01
-1.161551895132413581e-01
-5.061463613879495504e-01
1.000000000000000000e+00
6.286700471391922784e-01
1.000000000000000000e+00
-9.879725135119081791e-01
-2.608772670592358067e-01
-2.244512574049647990e-01
-1.173181931103003117e-01
9.066667882148711222e-01
-1.066252861711846911e-01
4.957749875190455291e-01
-3.426706255704616705e-02
3.119825925069046046e-02
-2.711851104217005010e-02
1.000000000000000000e+00
-1.000000000000000000e+00
5.175126709423789606e-01
1.000000000000000000e+00
6.490216668067227967e-01
4.620355209726068058e-02
9.832594071928700552e-02
7.829983086406041570e-01
7.763701073148185916e-01
1.000000000000000000e+00
1.000000000000000000e+00
6.657774154815651046e-01
3.070705279285489420e-01
6.255511619898377340e-01
2.460986404759352431e-01
1.774270119351241057e-02
1.701705328978007636e-01
3.553773621147620076e-01
3.710469578622091480e-01
-6.419692855281581290e-01
9.641470114409667058e-02
1.984020999305482758e-01
-7.975529790747571957e-01
-2.293662584875011956e-01
-1.000000000000000000e+00
1.000000000000000000e+00
1.000000000000000000e+00
1.000000000000000000e+00
1.000000000000000000e+00
1.000000000000000000e+00
9.258734468693464725e-01
9.328296060067117201e-01
5.338937188822928670e-01
7.073295324530440853e-01
-5.770148656820799360e-01
5.427924553912814032e-01
3.373655413149653226e-01
5.299330682578105023e-01
5.919963256887631475e-01
1.066219180532496785e-02
-8.173534521432490596e-01
-1.722970123512075902e-01
-1.077641921302390123e-02
8.789403302350269342e-01
7.326851850051674386e-01
4.769137107643750539e-01
7.180440498240153735e-01
1.000000000000000000e+00
1.000000000000000000e+00
1.000000000000000000e+00
-8.875268710133286110e-01
6.998754316899424843e-02
1.000000000000000000e+00
-9.880882476472419018e-01
1.522049583676161888e-01
-3.335850063585763525e-01
-7.510791729321132371e-01
6.454013237184735852e-01
6.309810408169179707e-01
8.643307434171616510e-01
6.517488252564035411e-01
1.680219256463457433e-01
7.178271353468385074e-01
-5.261205670141440027e-01
-5.490162447938042034e-02
-2.946872044886350225e-02
4.991210604434752340e-02
-2.393583097716535726e-02
6.761497175145317340e-02
6.884773662363953273e-01
2.080206939428303758e-01
3.736434078989457341e-01
1.666899931105080349e-02
5.423624710959589201e-01
1.721191939298571116e-01
2.357442326942840172e-01
-1.000000000000000000e+00
2.190265738157486097e-01
3.055631412718594619e-01
-4.128380488041781260e-01
5.296422267810441814e-02
1.000000000000000000e+00
1.000000000000000000e+00
1.000000000000000000e+00
4.996372148461575846e-01
5.000263839408773947e-01
2.611680703216356370e-01
-6.580711131807027714e-01
9.460406826546816639e-01
9.956947924080481460e-01
-1.000000000000000000e+00
8.253014017948467895e-01
1.000000000000000000e+00
1.000000000000000000e+00
9.114708844533412346e-01
9.099672557272345808e-01
9.336055348767289264e-01
2.505372968447689974e-01
5.006892312994281058e-01
-5.200055216343491167e-03
9.002598359056418476e-02
5.462090878286470774e-01
4.305797380199457569e-01
-8.385937555274989297e-01
-9.965472892401646687e-01
4.093065052728228626e-01
7.763632581812644415e-03
2.293940267507900768e-02
1.767512637793687558e-01
3.059052385001962970e-01
2.050425238415636564e-01
4.358382596178148605e-01
1.000000000000000000e+00
1.000000000000000000e+00
1.000000000000000000e+00
-1.287350247737596709e-01
2.070575813166892765e-01
-7.714367184361820007e-02
-1.954282076222106646e-02
7.208472272109813783e-01
6.005667809566623827e-01
5.249677679270301489e-01
5.507039042582623223e-01
1.000000000000000000e+00
8.919660237941245962e-01
4.095320034678817112e-01
4.392728576788920147e-01
3.827545547856148200e-01
7.343468937097512306e-02
1.466711380308304280e-01
-2.856710079466753816e-02
-8.737490288058517018e-01
1.143850498747137068e-01
-1.670056711327886634e-01
-4.377254778771957344e-01
-1.439667004294197528e-01
2.147998223986935518e-01
-3.900258918661354823e-02
1.593783103660451339e-01
-6.335955529453902724e-01
3.022646608699774973e-01
2.000851125046469170e-01
5.539993824148836676e-01
4.848403430707180495e-01
7.488836528837280460e-01
5.313614669398696311e-01
5.877627714262777525e-01
6.647102824785303676e-01
4.806808888141225200e-01
9.889744323916486168e-01
1.931011594854859514e-01
9.338260771662847126e-02
