-3.059563106270388744e-01
0.000000000000000000e+00
7.093421988632014896e-01
9.999986085318077755e-01
1.114708718043836005e-01
1.304025944401153436e-01
0.000000000000000000e+00
3.642918673433120258e+00
-4.134280089805885128e-01
-4.382153723969827719e-01
-4.567346463508005772e-01
-4.110490420386522237e-01
4.340842676063496053e-01
4.927829612887987820e-01
3.889201353540210904e-01
3.823740685632355807e-01
2.339129396688305676e-02
-9.843383985407766490e-02
-5.442297767811508091e-01
-5.534615484708720334e-01
7.928908819959487042e-01
5.545021701181086504e-01
4.053821541572916742e-01
-2.442538276389338847e-01
-2.765331237206337667e-01
-4.249913369612241532e-01
-8.576162067571820036e-02
4.829029483707284465e-01
-4.711686116622260806e-02
-9.646025445246031449e-01
-7.463890062446316698e-01
-2.337897573003021312e-01
5.828552670205061625e-02
1.563811297178000978e-02
7.767716289059555246e-01
-1.403495861313392989e-01
-4.573783565010206553e-01
-7.357670451005930978e-01
-4.924771902182944472e-01
-6.041544113613953743e-02
3.146658700401473996e-01
-3.739020971453304032e-01
-7.352928820806321486e-01
3.922222698966764676e-01
4.168185507283209690e-01
-9.884805006063775989e-01
-4.552278872733274695e-01
1.763348400551113249e-01
2.564040276537621899e-01
5.735247440377340133e-01
5.122499604068675438e-01
3.698624956073308101e-01
5.123176966215541306e-01
1.865228036535874490e-01
4.342811956293811670e-01
2.381569075310862316e-01
3.678414793314956910e-01
-7.280680063391319345e-01
-3.394255960494428348e-01
7.880894177688954061e-01
2.532875976633512383e-01
4.172948778424059868e-02
3.839906825261470147e-02
-1.233585053526086162e-01
-6.204262818219492825e-02
6.508156505137614456e-01
9.619924252764708861e-01
2.926369599092220053e-01
-2.930577739415330396e-01
-9.161199915963909313e-02
1.084960976801454570e-02
8.941851828792878321e-01
8.400091977301720192e-01
7.851984524564692425e-01
-1.693865582883813115e-01
2.130827570950814820e-01
5.376922710441561781e-01
2.031016435754723903e-01
5.549815473289034656e-02
-3.287372071886372482e-01
-1.768113410500384008e-01
-4.878641577175646393e-01
3.400805772147517253e-02
2.824731748904225626e-01
-9.976972437327421561e-01
3.240108643977192560e-01
3.260202511402758296e-01
1.002603038396712165e-01
-1.165144889579910054e-01
5.912916750826389123e-01
3.314715684157388820e-01
-1.000000000000000000e+00
5.976238874687664904e-01
7.399003943269341077e-01
1.547202421523740101e-01
1.000000000000000000e+00
6.832882074500602927e-03
-2.626002364691685798e-01
1.379337524409387887e-03
-4.915955621127705011e-01
4.235686469253163028e-02
5.366338207950810402e-01
1.429985675936717160e-01
-9.903181032912515835e-01
8.409228925943365018e-01
-2.834705694730632608e-01
-5.934284459407703771e-01
-5.911649224986764706e-01
-4.019792096627352040e-01
1.000000000000000000e+00
7.198200308689198801e-01
2.885418333693086090e-01
-3.937003024340640089e-01
-5.345244515675923180e-01
-1.837651102389418201e-01
4.758053013718697710e-01
8.464594050134710557e-01
3.761069563359941137e-01
-4.537552601611053449e-01
-8.286518942632423723e-01
1.000000000000000000e+00
6.730055783358822596e-01
-4.061372977319952504e-01
9.995945602367257710e-01
3.883752626202103264e-01
2.910721137701254291e-01
9.300451337186903256e-02
2.796489506850861617e-01
1.694595192759515978e-01
1.122420550765994701e-01
4.687875796993785094e-01
9.971143048095304495e-01
-9.088457820960034184e-01
7.263159488024789612e-01
8.210327571409049563e-01
9.999999999999663602e-01
9.413531607499971976e-01
1.000000000000000000e+00
7.830650373374078432e-01
1.000000000000000000e+00
1.000000000000000000e+00
1.000000000000000000e+00
1.000000000000000000e+00
-6.903636195139112308e-02
7.607436780282229860e-02
2.778975222460569050e-01
5.792813344989546920e-01
8.821692572658896836e-01
2.752935403513354085e-01
3.752752154234111071e-02
-1.114141567350049183e-01
-7.801719839594100092e-01
-8.189730019846043207e-01
-2.970919302926123828e-01
-2.473252352936439746e-01
3.409932257385128729e-01
5.144236495196055081e-01
-2.167010236115973765e-02
1.090434089360127617e-01
2.129151551010244336e-01
-5.676256666071621826e-02
-2.376353565046502529e-03
-1.012840024697533314e-01
8.274832956327324296e-02
1.055594402856711682e-02
1.414521550821994655e-01
3.998187713687046535e-02
-8.561740470051927565e-02
-1.145067826827536051e-01
-1.196568336180208331e-01
-2.528143806669313001e-02
5.268713603650996419e-02
5.731737427594404966e-02
6.323749316926269293e-02
7.637111933018038423e-02
-2.930651700783680827e-02
1.927390425663345064e-01
2.572471208743211668e-01
3.470246747417297106e-01
-3.379818087524170261e-02
4.397535219927459216e-02
1.757814487810903104e-01
-3.476518037544327339e-02
-1.571050186207847629e-02
