-1.642377914658069149e-01
8.826187734936712381e-01
9.997946044505072738e-01
5.482268519759897485e-01
7.633087819901391846e-01
7.309352612472987121e-02
3.535993010564630846e-04
6.769043001421505279e-01
9.939265768768313913e-01
1.000000000000000000e+00
1.000000000000000000e+00
1.000000000000000000e+00
-1.000000000000000000e+00
6.786562908540511030e-01
-9.444494695062738421e-01
-5.048469587372258482e-01
-1.000000000000000000e+00
9.999590688247932402e-01
-7.305350687850515889e-01
-1.000000000000000000e+00
5.322025298703207952e-01
9.983556771683333997e-01
5.136092881323234272e-01
-7.280579911596440912e-01
-5.937173930480922346e-01
6.098378325707688452e-01
4.409408409536289541e-01
-2.133184115126501301e-01
3.345412753079232138e-01
5.302649861036675683e-01
5.899973878812533323e-01
3.728956249141830437e-01
4.155843152305143673e-01
1.000000000000000000e+00
-1.342012230778477089e-01
-1.000000000000000000e+00
-2.329103121822848899e-01
-5.764441178820643996e-01
7.705258786196655940e-02
-7.096188150600847289e-01
-2.289401073426425293e-01
-7.822764527684525904e-01
-4.515051594028554605e-01
-1.000000000000000000e+00
3.396981187133532587e-01
-7.580066201227748657e-01
-1.000000000000000000e+00
-7.353299240580127849e-01
-4.245345309365185504e-01
-9.995793978085028286e-02
-9.286574297805815226e-01
-5.714082265205583377e-01
8.730984927847851296e-01
2.976478975555264805e-02
-8.615120483430954712e-01
-1.000000000000000000e+00
9.979386625917204823e-01
9.329926356542986854e-01
-1.000000000000000000e+00
6.551738902953204713e-01
-1.137463555152009309e-01
-5.870471011950162410e-01
-1.000000000000000000e+00
-1.000000000000000000e+00
-1.000000000000000000e+00
-3.248248295792328100e-01
-1.000000000000000000e+00
1.000000000000000000e+00
-5.440935211088861190e-02
7.995703161963536587e-01
-5.985591164347626725e-01
-2.353818370635457971e-02
1.000000000000000000e+00
-3.776190714823012273e-01
9.661487685951514193e-01
-1.000000000000000000e+00
1.000000000000000000e+00
-3.104651466165753715e-01
-4.763343132101384159e-01
-1.000000000000000000e+00
-1.000000000000000000e+00
2.203526833907047122e-01
1.271529289900407422e-01
9.915173818164747521e-01
-9.472915313059840359e-02
-1.000000000000000000e+00
4.476036995446831535e-01
1.000000000000000000e+00
1.000000000000000000e+00
-3.201734100033303276e-01
-6.957163865911751843e-01
5.371063752006752789e-01
-1.000000000000000000e+00
1.000000000000000000e+00
2.815925404548393352e-01
2.844502614600937784e-01
-6.516703434540801476e-01
6.677641043125958076e-01
1.000000000000000000e+00
1.000000000000000000e+00
5.932364973982305889e-01
-1.000000000000000000e+00
3.416351986686361752e-01
1.000000000000000000e+00
1.000000000000000000e+00
1.000000000000000000e+00
-9.998372001640606355e-01
7.874766074673273941e-01
1.000000000000000000e+00
-8.356707062039310241e-01
-6.142129596481404885e-01
-1.761999081457244209e-01
-1.000000000000000000e+00
-2.220131438591782524e-01
-1.000000000000000000e+00
-1.000000000000000000e+00
1.000000000000000000e+00
-6.978195353696224901e-01
1.000000000000000000e+00
-1.000000000000000000e+00
-1.000000000000000000e+00
-1.000000000000000000e+00
-1.000000000000000000e+00
-6.843457929634111370e-01
9.277964807526952740e-01
-1.000000000000000000e+00
-1.000000000000000000e+00
1.000000000000000000e+00
-9.685251893507119680e-01
-1.000000000000000000e+00
-9.801143276060748921e-02
1.000000000000000000e+00
-9.999999999995009548e-01
-2.630253470370454427e-01
1.000000000000000000e+00
-1.679569445694061858e-01
-1.000000000000000000e+00
-1.000000000000000000e+00
-8.241674909595292364e-01
-1.000000000000000000e+00
-1.000000000000000000e+00
-8.579345164917734357e-01
5.710849296450956070e-01
-9.780870809393454879e-02
-1.000000000000000000e+00
-1.000000000000000000e+00
-9.796303300318197627e-01
-6.028483172533809498e-01
-1.000000000000000000e+00
-1.000000000000000000e+00
-1.000000000000000000e+00
1.000000000000000000e+00
-1.000000000000000000e+00
-1.000000000000000000e+00
5.604556673171925407e-01
4.304372731541646901e-01
4.549771905528751659e-01
-1.135102333168644950e-01
-1.000000000000000000e+00
9.997840982835503043e-01
-5.456761045547160460e-01
-4.873186891995830439e-01
-1.000000000000000000e+00
8.665861491162413222e-01
1.000000000000000000e+00
-1.000000000000000000e+00
-1.000000000000000000e+00
-1.000000000000000000e+00
1.000000000000000000e+00
-9.985701817321808171e-01
-1.000000000000000000e+00
1.000000000000000000e+00
-4.443359362668585777e-01
-4.539460194689574069e-01
-2.752194955313038705e-01
-1.880228292219713326e-01
3.804403808112835073e-01
-3.122605490042759668e-01
-3.975860560082211115e-01
-7.175376706995857390e-01
1.000000000000000000e+00
7.138530317349450760e-01
-1.000000000000000000e+00
-1.000000000000000000e+00
-1.000000000000000000e+00
1.000000000000000000e+00
1.000000000000000000e+00
1.000000000000000000e+00
4.415485864298572538e-02
1.000000000000000000e+00
1.000000000000000000e+00
-1.000000000000000000e+00
-1.000000000000000000e+00
-1.000000000000000000e+00
3.893235128011662827e-02
-3.293562592342478834e-01
-6.224547110623387391e-01
4.858517838501915653e-01
5.772899031339223663e-01
-1.000000000000000000e+00
-1.000000000000000000e+00
-2.017303388049577206e-01
1.000000000000000000e+00
1.000000000000000000e+00
-1.000000000000000000e+00
1.000000000000000000e+00
3.997314208920240142e-01
7.709066374930511056e-01
4.744905361231930296e-01
6.331276194396153745e-01
1.000000000000000000e+00
1.000000000000000000e+00
4.416549412827062704e-01
4.518521244826293470e-01
9.161638745033372500e-01
5.845653806767936445e-01
1.000000000000000000e+00
4.531170203291570164e-01
7.706562154260018227e-01
7.181792311729804368e-01
1.000000000000000000e+00
1.000000000000000000e+00
1.932196406468561223e-01
