1.971026614865417637e-01
3.263637504805318446e-01
1.000000000000000000e+00
7.000382817545793834e-01
4.400094812801250699e-01
4.838082831078393403e-02
4.070379259115403233e-04
3.114636425968393407e-01
5.880961901796414315e-01
2.698786783433709258e-01
1.598558685732928142e-01
-6.668899998042336630e-02
-2.341866620270305066e-01
-9.940130023459643749e-02
-3.588845643313935962e-01
-4.345413483654296805e-01
9.265933605165167508e-01
2.747541079165794486e-01
-6.222110094601518426e-01
-8.758403892576768213e-01
4.925791498735134777e-01
-4.565365287655185345e-01
5.340392491830705524e-01
-5.005661363935424157e-01
-8.772581497568654463e-02
1.000000000000000000e+00
8.679614603880498880e-01
-5.296371159319329669e-01
2.977457460692304325e-01
4.362452094635794753e-01
4.904855293927664617e-01
4.118821865719232700e-01
4.652155462363122829e-01
9.287358835290606685e-01
-4.918301515964617621e-01
8.254674739046290177e-02
1.348423140226001800e-02
-3.093330169090169335e-01
1.675236578788912301e-01
-7.274926329900083255e-01
8.436883426219558002e-01
-8.616721581123159002e-01
-5.891369200640554915e-01
-1.000000000000000000e+00
4.947202539411392208e-01
-9.113145711545278527e-01
-1.000000000000000000e+00
6.413069925358103052e-02
-5.852069981926605324e-01
8.613768533890020507e-02
-3.768416912850237055e-01
-2.656371110891285192e-01
9.807919008779915071e-01
-6.355440053107565268e-02
-8.084656931133775704e-01
7.140961791286187799e-02
1.000000000000000000e+00
1.000000000000000000e+00
-1.000000000000000000e+00
6.330006218467176815e-01
-1.419266271578879801e-01
-2.959322720783351748e-02
-1.000000000000000000e+00
-1.000000000000000000e+00
-1.000000000000000000e+00
-7.710031156958428999e-01
-7.629808830556950028e-01
1.000000000000000000e+00
-7.820094089351475874e-02
8.386196391777055448e-01
-3.739436178435254221e-01
-5.526985958996112336e-01
1.000000000000000000e+00
-4.429300724177145931e-01
1.000000000000000000e+00
9.501067190445975363e-01
5.598321044168810268e-01
-6.567985005569425272e-02
-9.177690130854410100e-01
-1.000000000000000000e+00
-1.000000000000000000e+00
1.485844484109226371e-01
-4.074494138974382035e-02
9.957366487493771734e-01
-2.783680684438245151e-02
-1.000000000000000000e+00
6.964566106227324527e-01
1.000000000000000000e+00
8.520829546431265555e-01
1.182577794368385865e-01
-5.026162200440796868e-01
6.807091986539332007e-01
3.064512863773524165e-01
2.449619659063152488e-01
3.567298857478448104e-01
2.383650642398095487e-01
5.015171157065811958e-01
7.715175562265259579e-01
9.487533397977947480e-01
-3.584455875150917015e-01
1.000000000000000000e+00
-1.000000000000000000e+00
3.458284328068420566e-01
1.000000000000000000e+00
1.000000000000000000e+00
9.880233316961857248e-01
-5.888669280024478869e-01
9.834270748797679929e-01
1.000000000000000000e+00
-3.001040681607531901e-01
1.583827634108194993e-01
1.470576641136258633e-01
-4.936711698614896227e-01
4.292257440386006428e-01
-3.951918980014950122e-01
-8.180566688986781188e-01
4.577436288239888212e-02
-9.883933805226660096e-01
7.358210199422008380e-01
2.798707104009910962e-01
-1.000000000000000000e+00
-1.000000000000000000e+00
4.771361298089828451e-01
9.803983149827566468e-01
5.032969436655795326e-01
-1.000000000000000000e+00
-1.000000000000000000e+00
9.703028706339490439e-01
-1.000000000000000000e+00
-9.913051606576690489e-01
3.179072183411003061e-01
1.000000000000000000e+00
-9.947121780689683890e-01
4.997985837715760993e-01
5.791789211518961755e-01
3.363123469632826601e-01
-6.997917468742042013e-01
-2.201207574812371059e-01
-8.973395730846713825e-01
-7.767303529620870339e-01
-1.000000000000000000e+00
8.735076115964185775e-03
3.248800207811474716e-01
4.751563685167171092e-01
-1.000000000000000000e+00
-9.968138281815341895e-01
-3.705585300306400431e-01
9.919387111220532294e-01
-1.000000000000000000e+00
-9.197138986842385844e-01
1.828389508589025880e-01
1.000000000000000000e+00
-1.000000000000000000e+00
-9.996286741169746470e-01
-4.721487812594142297e-01
2.533508525814684442e-02
-3.461886775905008151e-01
-1.000000000000000000e+00
-9.662894733093241317e-01
9.327073581475393560e-01
-2.063506707509162874e-01
-2.681638058246600953e-01
-1.000000000000000000e+00
-1.817031040753290805e-01
1.000000000000000000e+00
-5.340090597668345485e-01
-1.000000000000000000e+00
-7.516574647382678886e-01
-9.005434231330451400e-01
-7.481409213405156855e-01
-1.000000000000000000e+00
1.000000000000000000e+00
1.000000000000000000e+00
-1.000000000000000000e+00
-1.159208279662373164e-01
-5.963964067757122206e-02
9.739283190844847393e-01
-6.719592994479800518e-02
3.804538454129346992e-01
3.048280011421120733e-02
1.000000000000000000e+00
3.681803512120794819e-01
-5.819128114534335428e-01
-1.000000000000000000e+00
-1.000000000000000000e+00
1.000000000000000000e+00
2.656290442208929514e-01
9.953256865111842489e-01
9.871980761777998659e-01
8.806533913243790312e-01
9.662234602249908377e-01
-7.486653648597405564e-01
-1.000000000000000000e+00
-1.000000000000000000e+00
3.245145780440431005e-01
6.210085338114357256e-01
-9.855588091244801285e-01
1.387508781348646691e-01
1.827413904445952253e-01
-5.587885602386805095e-01
-1.000000000000000000e+00
-7.990691558511198167e-01
-6.420603918037749713e-02
9.831447940961453025e-01
1.820856181211266966e-01
6.328821432275891778e-01
1.067843868023794912e-01
4.865826506268195462e-01
4.570691906316581843e-02
-3.179086670843097595e-01
2.619254392566942036e-01
8.074113775124533987e-01
5.089279023143270519e-01
8.795482359741482181e-01
9.749364781688868442e-01
8.389229732675824724e-01
6.596147957016074148e-01
1.749349181192378644e-01
4.774275433985242789e-01
4.948066002782302575e-01
1.000000000000000000e+00
7.097903609905164002e-01
2.336024523604409153e-01
