-1.642377914658069149e-01
8.826187734936712381e-01
9.997946044505072738e-01
5.482268519759897485e-01
7.633087819901391846e-01
7.309352612472987121e-02
3.535993010564630846e-04
6.769043001421505279e-01
-2.346187179993981520e-01
-1.360017109253835454e-01
-6.214049353960789945e-01
1.000000000000000000e+00
-5.443810637038133393e-01
9.169705314156244569e-01
3.326103992696574085e-01
2.382522620365888077e-01
2.590581736686716208e-01
-5.772683112705713215e-01
-2.638989784147990902e-01
5.406853303655928533e-01
6.845475765822390812e-01
9.299585615140503192e-01
8.507353471387180122e-01
1.060399547912490859e-01
7.021567013147644865e-01
7.365084556055947473e-01
-1.048864829730008497e-01
-8.759374279803138208e-01
6.942850538960199103e-01
-3.061645876555399437e-01
-7.725990428404271304e-01
-4.161160534147900769e-01
-6.514199278220015321e-01
7.740974460430161130e-01
1.000000000000000000e+00
-7.342183843004153054e-01
-1.000000000000000000e+00
2.364980378938578154e-01
8.459746720766785355e-01
6.867045787819776592e-01
9.060362571287188249e-01
9.416448782946190699e-01
1.804857273541127516e-01
-1.000000000000000000e+00
9.661159400034050604e-01
-9.999328409851653277e-01
-1.880026086077065672e-01
9.998547885289584825e-01
1.000000000000000000e+00
-7.198224617334223474e-01
-5.835506451385765736e-01
-1.000000000000000000e+00
4.809095514685673423e-01
-1.000000000000000000e+00
-9.342108350653466342e-01
5.448640461133762436e-01
-9.606370902381432542e-01
-9.508336237146945980e-01
-9.077074951232567690e-01
-4.936925258570439290e-01
-7.256758718068115899e-01
-1.000000000000000000e+00
-1.000000000000000000e+00
-2.673709237729727239e-01
9.060775492319006474e-01
1.000000000000000000e+00
-6.804053635975505498e-01
-6.418252324455717694e-01
-5.666486941064887706e-01
1.000000000000000000e+00
-1.000000000000000000e+00
-5.314905582992648370e-01
9.755442837896757258e-01
1.000000000000000000e+00
1.000000000000000000e+00
1.000000000000000000e+00
-2.806379627289065093e-01
-8.479412759079404949e-02
-9.454450931452462736e-01
1.000000000000000000e+00
-2.371243981327506301e-01
8.810170718656917810e-01
-9.460887514778081320e-01
9.993783210087899826e-01
-9.549043269106057830e-01
-8.045482202222621337e-01
-5.611374369086719049e-01
-4.249780361969439646e-01
-3.504864399604994407e-01
-7.275083709024684486e-01
-7.789816970118250694e-01
8.726984649006653827e-01
7.729904819220390078e-01
6.406228437111507468e-01
-1.076297544627194819e-01
2.007678532649915734e-02
7.179918849998204733e-01
7.780575125174007400e-01
5.213216849959924071e-01
-7.052834048385829835e-01
-9.955470365589483839e-01
-9.432545460336425602e-01
2.388507979868115250e-01
-8.045146438415006207e-01
-9.811944440468581830e-01
-9.069999545972642352e-01
-9.096217975470167749e-01
1.886200849837486523e-02
-2.728639501297813741e-01
1.000000000000000000e+00
1.000000000000000000e+00
-1.000000000000000000e+00
8.078732399523117502e-01
-8.698892293387215924e-01
3.416187373450336739e-01
1.000000000000000000e+00
-7.228782128911170890e-01
9.079278877994786390e-01
-9.749604522430644904e-01
2.845931316815198397e-01
-1.000000000000000000e+00
-1.000000000000000000e+00
-8.172162293839048131e-01
-7.470938277486445234e-01
-3.594386956867461347e-01
-9.903419020604706802e-01
-1.000000000000000000e+00
1.000000000000000000e+00
-5.780685948386395934e-01
7.725023989620469766e-01
-7.192442111962148443e-01
-6.081838569955118068e-01
-8.603989591591403308e-01
-8.966242623340473505e-01
6.575456248968455375e-01
-1.000000000000000000e+00
-9.999697815323391747e-01
9.999103142112250042e-01
-5.881067133313718776e-01
-2.955371103581833081e-02
-2.791990483442787774e-01
9.986689510596822306e-01
-1.441847265921630539e-01
7.664262637295169434e-01
-6.685414879159840007e-01
-9.975696927822790272e-01
-1.000000000000000000e+00
-3.208269792763188688e-01
-1.187524446392105165e-01
8.254211010795400316e-01
1.000000000000000000e+00
-2.757194598571528488e-01
-2.728163620050388372e-01
-1.000000000000000000e+00
-1.000000000000000000e+00
-1.000000000000000000e+00
-1.000000000000000000e+00
-9.536334968247967003e-01
5.167945660637022209e-01
2.305569870835894875e-01
1.675321372253769370e-01
-7.923505848973920740e-01
3.353232975583353426e-01
-9.985597796691745298e-01
-1.000000000000000000e+00
-1.000000000000000000e+00
-1.000000000000000000e+00
-5.622461343800080336e-01
9.715292209268202583e-01
-6.167631393724023470e-01
7.046448986427593653e-01
2.167064841617060700e-01
1.000000000000000000e+00
-4.759805427569026026e-01
8.019512462633905381e-01
-1.000000000000000000e+00
7.762025101913493375e-01
6.218115011042296691e-01
-7.903018478437986438e-01
-7.011923679935694320e-01
-3.096480904993555994e-01
1.000000000000000000e+00
7.115615443437728338e-01
-3.972254870685318906e-01
-9.568245693353351067e-01
3.840954916371242533e-01
4.841729358643963033e-01
8.286838529298760081e-01
9.250972535158182852e-01
3.168821820785126531e-01
3.092450029407167733e-01
-1.000000000000000000e+00
-7.886885460046663132e-01
7.789317383982110599e-01
9.017222027897258130e-01
7.224660447315376377e-01
-1.516275821187958728e-01
-1.000000000000000000e+00
-5.394884670032891183e-01
9.524530297175792803e-01
-9.410793508222320414e-01
-5.757996202411511666e-01
8.460636326673071084e-01
1.000000000000000000e+00
9.991687222517603439e-01
-6.472672382773510258e-02
-2.673316996299511805e-01
-9.337091216658969239e-01
-1.000000000000000000e+00
7.235849537273621179e-02
4.777475799659646194e-01
-6.343824850196698728e-01
-5.651896345738147698e-01
-2.856753655124074642e-01
-3.410196325402867767e-01
-6.980100697452090719e-01
-9.992429991851594639e-01
3.114727538352299874e-01
-9.928187895845502764e-01
-1.000000000000000000e+00
-1.000000000000000000e+00
-1.000000000000000000e+00
3.890097715443644605e-02
1.000000000000000000e+00
-9.902758285489690060e-01
1.000000000000000000e+00
4.612024796687237971e-01
-1.000000000000000000e+00
-9.724152440084475879e-01
-9.721624344354544700e-01
-5.675376722465635959e-01
-7.648323949803920163e-01
-9.757667693916247664e-01
7.584785841739485335e-01
9.793307557941043351e-01
-1.000000000000000000e+00
7.413857628496316465e-01
-9.958336524296344805e-02
8.118871585395884827e-01
9.985987715768153139e-01
-7.750711542810612142e-01
6.595910240238137545e-01
7.596501361589337309e-01
2.560760733688083324e-01
-9.258293977005348507e-01
9.969158939700217825e-01
-9.992707035945872507e-01
-9.863902051152966255e-01
-1.000000000000000000e+00
6.005939443909775743e-01
-6.198035060284641240e-01
6.911517147708594322e-02
-7.389267486954663733e-01
-2.269132062303519382e-01
6.655307998359146771e-01
-1.118887471517740484e-02
-1.509283436032856640e-01
-9.999081726069438680e-01
-9.584172522654824666e-01
-1.000000000000000000e+00
5.341547186701564032e-01
-6.164139069555950590e-01
3.755965042074724258e-01
-3.269827361492381179e-01
-8.559259018279840037e-01
-9.991663818001566000e-01
-5.030351720440348062e-01
1.000000000000000000e+00
1.000000000000000000e+00
-7.895942661146535535e-01
-1.385365594872089642e-02
-1.275418090859584408e-01
-3.860236148268631484e-01
-1.403959639309526886e-01
9.302331448837831696e-01
4.831726610766358676e-01
-5.290318199853643044e-01
-8.073402009608466878e-01
9.988243719007777743e-01
-1.478639275357587768e-01
-1.000000000000000000e+00
9.899814180735367897e-01
-3.812517363707718099e-02
-9.803384250865253557e-01
6.531130215234158820e-01
7.100944755446689793e-01
-9.318657186380264745e-01
-1.000000000000000000e+00
-4.089568660118476640e-01
-3.540968584575084344e-01
4.403743655245594413e-01
-1.000000000000000000e+00
-5.077570352095630568e-01
1.000000000000000000e+00
-4.404177946436888536e-01
8.158985351504444150e-01
-1.418484782090657370e-01
-1.000000000000000000e+00
5.593633520543316306e-01
-5.363678631831526600e-01
2.018653810507446134e-01
-6.705083063462503601e-01
9.909842796075643001e-01
8.160020806021319739e-01
-7.310887253325891733e-01
-9.927787458313410696e-01
-5.621883290219535922e-01
-6.027710578431628718e-01
-1.206152040654663998e-01
-1.641959895743622111e-01
-5.658013322255724953e-01
-7.051565262011180168e-01
-5.760983169319215946e-01
-8.187031691183201954e-01
-3.290724075291691086e-01
-2.769765727114233966e-01
8.754572212788323815e-03
-7.031150911668770757e-03
3.918700944822053715e-03
2.043425459965128310e-01
-7.026196714664159071e-01
2.519819764607139079e-01
-2.587365271371229736e-01
-5.630758914556071026e-01
3.723913660292738070e-01
-4.300032618722663957e-01
1.738920642772136260e-02
6.833534230065352322e-01
8.022895559752467598e-01
9.753432268189934362e-01
8.036216458717876376e-01
9.546572744162811208e-01
4.766787697674516044e-01
3.786340684830518111e-01
6.319169176356963513e-01
6.277758211647861408e-01
-1.395268490071429890e-01
-6.527427490637912610e-01
-3.172497524888016618e-01
2.045836874541040462e-02
