-1.690797990110139315e+00
3.780909031432026612e+00
1.000000000000000000e+00
8.908759782270346816e-01
9.999999999999999547e-07
9.999999999999999547e-07
4.306917744312180850e-03
8.626875697994657033e-01
-5.269388903339764507e-01
-9.818296406455829795e-01
-8.639473838559062757e-02
-5.371858232566645297e-01
2.653254895608211372e-01
4.550164478875552976e-01
9.341810203580143135e-01
1.000000000000000000e+00
-6.929665460812893807e-01
-7.384841088216569371e-01
-9.089540017571331454e-01
-6.826416604483888095e-01
-1.070225343466655876e-01
-8.763884310074491202e-01
9.010703854820408809e-01
-3.534209780649159166e-02
-5.486690044490475371e-01
-5.444167041749911062e-01
8.725012966915137724e-01
1.000000000000000000e+00
6.053859115474604646e-01
-6.393917323653347529e-02
2.392223143662705886e-01
4.455668957920465023e-01
1.000000000000000000e+00
1.000000000000000000e+00
-1.220552655462863040e-01
-3.673275617244487479e-01
1.000000000000000000e+00
1.000000000000000000e+00
6.104004948806240893e-01
2.295209774289268534e-01
1.000000000000000000e+00
1.000000000000000000e+00
-7.395328944507146840e-01
-7.557853910739028569e-01
-2.178059742742896876e-01
1.000000000000000000e+00
-3.920491376252682736e-01
5.450739938203164048e-01
1.000000000000000000e+00
9.483024082679925026e-01
-5.744294721572829054e-01
-5.051795180548418474e-01
-7.543418032400562856e-01
7.318617650931221741e-01
1.000000000000000000e+00
-1.000000000000000000e+00
9.995166492902103350e-01
1.000000000000000000e+00
-1.000000000000000000e+00
5.869843939120135135e-01
9.994932787418187026e-01
-9.672385429052420269e-01
-9.932118276658039591e-01
-1.338924040783169012e-01
9.744605170585135534e-01
9.783149969513762478e-01
-5.243472932638287842e-01
-3.464436759607587846e-02
-9.627258388201862527e-01
-1.000000000000000000e+00
-1.656645904577958017e-01
8.494150316211598328e-01
-9.783754977073159109e-01
1.000000000000000000e+00
8.368038137257783893e-01
-2.256611646724752257e-02
-9.053288273190306379e-01
-9.868192098018830904e-01
-9.998277511038445864e-01
-7.792145165522165184e-01
1.590520225352211880e-01
7.914019710418580544e-01
-1.000000000000000000e+00
9.868720584880316116e-01
-9.263917625936890499e-01
-1.000000000000000000e+00
8.485934219329602790e-01
1.000000000000000000e+00
1.000000000000000000e+00
4.960460050412591748e-01
4.774873079403861853e-01
1.000000000000000000e+00
4.276930542529189250e-01
2.266652682960597631e-01
-1.000000000000000000e+00
-1.000000000000000000e+00
9.382192000171940549e-01
-3.342543378100485407e-01
1.000000000000000000e+00
1.000000000000000000e+00
-7.391033830276434458e-01
9.852859731724333825e-01
-8.947499984845180832e-01
-9.657129641470860726e-01
1.000000000000000000e+00
1.000000000000000000e+00
-1.000000000000000000e+00
-1.000000000000000000e+00
-6.696088197260608998e-01
1.000000000000000000e+00
9.610936165603006787e-01
-8.162483741225702305e-01
-6.895660530848340963e-01
-1.000000000000000000e+00
-1.000000000000000000e+00
-3.907769484107252445e-01
-8.621823438984267673e-02
1.000000000000000000e+00
1.000000000000000000e+00
3.161433483603356409e-01
-1.723875517131047697e-01
7.538861277494264268e-01
-3.536336612084378106e-01
-9.894059371791664725e-01
-9.989893846373322228e-01
-1.000000000000000000e+00
-9.982523874328395053e-01
-4.092088068438810011e-01
7.293628395055459235e-01
6.402078023170690857e-01
1.000000000000000000e+00
-6.623401103941704005e-01
-7.866028223670166186e-01
-8.883899586335475274e-01
7.157639081208668763e-01
5.016936153024592615e-01
1.699367628370820060e-01
7.162579790389427270e-01
2.952324433446668617e-01
-1.792826460007635736e-01
-4.658202792189905517e-01
2.432562120728502808e-01
-6.964510735877821324e-01
-1.000000000000000000e+00
-8.722478936022936002e-01
-9.117007316612900647e-01
5.273416139194381236e-01
-9.038993889001039062e-01
-9.237965011460460563e-01
-2.945119726843958285e-01
-6.399597807317296272e-02
-2.392984820927243194e-03
8.346801975426396125e-02
-7.276240625928194206e-01
-9.999964542703041470e-01
1.000000000000000000e+00
1.000000000000000000e+00
3.402035257671273127e-01
8.987911384065641052e-01
-8.994845678659425525e-01
7.330286643244262601e-01
7.286114979184875606e-01
3.633829092460096333e-01
1.552989119999520669e-02
9.956811986253757407e-01
9.999167322626357768e-01
6.876438322417769422e-01
3.931154696157505846e-02
-8.224949598987406629e-01
-7.237860721897940719e-01
-1.000000000000000000e+00
-1.000000000000000000e+00
1.000000000000000000e+00
9.682311222336967838e-01
-1.300695812250748928e-01
-3.041451729702074891e-01
-4.448005137655796082e-01
9.915742808157604893e-01
