-3.059563106270388744e-01
0.000000000000000000e+00
7.093421988632014896e-01
9.999986085318077755e-01
1.114708718043836005e-01
1.304025944401153436e-01
0.000000000000000000e+00
3.642918673433120258e+00
-2.616916251838809493e-01
3.332047779348017852e-02
2.966792921724107496e-02
-2.635886485483762698e-01
2.427180204140442499e-01
2.721464671402212820e-01
2.723955702761634012e-01
2.733125311188476791e-01
-1.455176852053942649e-01
1.217966426743444242e-01
2.107102521866283107e-02
1.997534192459624741e-02
3.762327072229211256e-01
5.399941719972596310e-01
4.214615009565482739e-01
7.854762597709653849e-02
8.450715403440582640e-02
1.200440852085863930e-01
1.218181603216955400e-01
2.436303262997895624e-01
2.623672618603142825e-01
-8.464030047827634240e-01
-2.115701925341811340e-01
-2.992773270414321174e-01
1.134943527762607984e-02
1.457055526139996310e-02
4.548113406335914655e-01
1.933500906135172115e-01
7.832690575509311526e-02
1.234392512643834594e-01
-1.405055099868208479e-01
2.085173391706107160e-01
7.883954208905273875e-01
-2.983432810834388826e-01
-6.215277103545401305e-01
1.594979537092039990e-01
2.136335915740616986e-01
-3.574616990219144919e-01
9.727227189414851607e-03
-1.878303307666249339e-02
4.357932155769241311e-01
6.900080244523670858e-01
6.831059654825807348e-01
3.577942736969024207e-01
2.786410861071640932e-01
5.273107532623642207e-02
3.706859444936644876e-01
1.222034033451439711e-01
-2.186099713440315950e-01
-8.447684607233802989e-01
-3.445047754466687429e-01
2.274450971347549699e-01
3.176490249115948017e-01
2.371719209345657733e-02
-1.219243049304283375e-03
-2.067559672205551147e-01
-7.719447674557872174e-02
4.369760928851787463e-01
8.568842342866043182e-01
2.103480994300387652e-01
-1.961819241417553650e-01
1.366208464957088531e-01
-3.179752201063838421e-03
7.389222929465986134e-01
1.000000000000000000e+00
9.818720691768024755e-01
1.854406172524779572e-01
-4.561138066055056561e-02
-1.481210280447819994e-02
1.993496595484077205e-01
1.393898238744480933e-01
-1.168814879158636549e-01
-9.651391376236685693e-02
-1.375147390534859904e-01
2.003592282837713123e-01
1.309710047736850902e-01
-3.389418972172686395e-01
9.150761627860337644e-02
1.195707866598254565e-01
2.338602444024539817e-01
-6.509945613911098661e-02
8.497578313439299036e-01
4.671951989408180128e-01
-3.701056630140673320e-01
2.451686881313079880e-01
5.192341321325972814e-01
-2.475703149239780743e-01
4.551959565853045397e-01
1.224429792666468647e-01
1.012368090793194231e-01
2.256178550633386459e-01
1.363953716096483748e-01
3.664604430545853435e-03
2.994926154481326042e-01
1.090774681727964407e-01
-4.482930730131462482e-01
4.164203534928158090e-01
9.774116860028882192e-02
-2.268662473350908232e-02
-3.830688939246145175e-01
-4.637332256763218030e-01
6.657321269855765999e-01
3.921886660152979487e-01
4.787466200088064672e-01
-5.616496404654611752e-01
-8.524687821443359681e-01
-1.642785775920145297e-01
3.377854550387311416e-01
5.212882356211626655e-01
7.648704889119933847e-01
-1.345381822348127032e-01
-2.471798722960430114e-02
1.000000000000000000e+00
6.537049290916183697e-01
-1.166406515651627340e-02
4.279669864724129358e-01
1.907247790006540433e-01
2.970251385478248074e-01
2.837036420184050889e-01
2.364684488745101565e-01
1.686193752009170765e-01
-3.204282158650179069e-02
-5.459041933590278589e-02
7.904082639060812099e-01
-3.758743218402418318e-01
3.283140720918626965e-01
5.672933443355444583e-01
9.870873407175992931e-01
9.166113217247526812e-01
8.565741298991808028e-01
9.970636590974629732e-01
5.685342227107077484e-01
6.992586382455452387e-01
1.000000000000000000e+00
1.000000000000000000e+00
-1.234795917593559805e-01
6.755141525764636612e-02
1.545425522529929874e-01
1.150588952151997552e-01
1.753611550074353209e-01
1.839215833214164764e-01
3.533209875334221706e-01
-1.506933380915309872e-01
-1.654508164048124341e-01
-1.668623904677603853e-01
-7.918321605443691402e-02
3.626591576242506609e-01
1.983878086333600577e-01
1.589157220219025446e-01
1.486559355657535164e-01
2.379508317777780102e-01
1.069134846066386035e-01
3.725234301227126066e-02
2.081815808053429639e-01
-2.205020955797608873e-01
5.310395825103595563e-02
3.326085753741992584e-02
4.352721769633959709e-02
3.103190188796890736e-02
5.734622884439562890e-02
1.106951067295632585e-01
1.075811811584291011e-01
2.911270384057360050e-02
-1.652199542961232601e-02
-1.284924750259299961e-02
-1.186135409709795745e-02
-1.268414835177884489e-02
5.792025554845185026e-02
9.484561095031594780e-02
9.360246807268797486e-02
9.877101568536678089e-02
1.223934047362737892e-01
-1.622550772165750610e-01
5.135621943054722444e-02
7.298901495905493753e-02
-1.642440784377380836e-01
