-7.968996728285211717e-02
2.438117612378077337e-01
9.742327504291439233e-01
5.081777270152479931e-01
3.488012357901347227e-01
4.234120114534461327e-02
3.224163645861562524e-04
5.307041799743709154e-01
-9.579602861347438769e-02
-3.475507994914951992e-01
-4.404178164020071118e-01
6.028006926476864660e-03
-2.780034079668693425e-01
-3.795315082621639191e-01
-7.895407982096108723e-01
1.985523798534556683e-01
-9.471161233566538495e-02
1.000000000000000000e+00
-1.023832332811831503e-01
-7.684672581028453298e-01
-2.349734010417923735e-01
4.736640346058434980e-01
9.653057914993573574e-01
-1.016200824292330385e-01
-7.987717983401219912e-02
-2.812843650517112271e-01
-2.208902104912315034e-01
3.613492262906948804e-01
1.601972161789444460e-01
4.900768683524693858e-01
5.545968010890930389e-01
2.051985724938860389e-01
3.372866943150301111e-01
1.000000000000000000e+00
5.884857995899339667e-01
-1.618833583406670551e-01
3.588387667327338493e-01
3.382673302137163551e-01
4.710214982803997974e-01
-1.968070649983356957e-01
9.839688348186335087e-01
-8.620622757565220562e-01
-8.526062969507058886e-01
-1.000000000000000000e+00
5.943634982142141920e-01
-9.553326374124251341e-01
-9.847269193862542291e-01
-6.263938903272817660e-01
5.225592793879635378e-01
2.642505014041583444e-01
-8.237099032636402418e-01
-1.559591310569635458e-01
1.000000000000000000e+00
1.861835916395959967e-01
-1.000000000000000000e+00
1.769539034084408047e-01
1.903135875139596034e-01
9.986535165999106400e-01
9.935690916719124299e-01
-4.077033701027896750e-01
-2.701171381970084995e-01
1.000000000000000000e+00
-9.363463112687797629e-01
-1.000000000000000000e+00
-9.695755899050194637e-01
-9.863996290157774904e-01
-5.790899464609905456e-01
8.203297258224067079e-01
4.125221716471739741e-01
7.415417917396625036e-01
2.113694276987315990e-01
-1.000000000000000000e+00
8.024175604128725992e-01
1.000000000000000000e+00
1.000000000000000000e+00
8.027053551302161249e-01
9.625105414969189477e-01
2.139906604620639419e-01
-3.732749407946338582e-01
-1.000000000000000000e+00
-3.160259935144062449e-01
1.644662184131684968e-01
-5.778646251843944093e-02
9.997894665990798568e-01
9.912250273165192915e-01
-9.795409374802894753e-01
-3.932162517481880420e-02
1.000000000000000000e+00
2.323822816867256447e-01
6.407161840930442054e-01
8.310023190217437072e-01
3.975353571325366819e-01
-9.570669642525422849e-02
-3.810033825408524338e-02
-5.927717674055602709e-02
3.070378702712747709e-01
8.783275687785619956e-01
8.591449048582989745e-01
9.990217587403781296e-01
9.948531371857490813e-01
1.000000000000000000e+00
-1.000000000000000000e+00
9.975964290006146262e-01
1.000000000000000000e+00
9.942560302222188673e-01
9.893857369162273319e-01
-1.000000000000000000e+00
9.538068916965291022e-01
9.679380838507263274e-01
-1.000000000000000000e+00
2.856957202160629317e-01
-1.922917761343777010e-01
-2.297452706511450282e-01
1.054866739038448908e-01
-9.994441678719039324e-01
-8.191892106099057935e-01
1.000000000000000000e+00
-4.769219417247005377e-01
-5.640678705883221955e-01
8.989677535992800506e-01
-1.000000000000000000e+00
-1.000000000000000000e+00
-2.093035880053858711e-01
4.293387228231326097e-02
5.588444970397726808e-01
9.673284188408147743e-01
-9.403003160663931936e-01
9.984644632151092880e-01
-4.969185751740843870e-01
-8.260909098562743136e-01
-1.229212685955886758e-01
9.956201570897753594e-01
8.302948833537042439e-02
-9.982659525868708972e-01
1.000000000000000000e+00
-3.804939054850021707e-01
-4.477463644029901491e-01
-9.208386955616014724e-01
-4.949740781675361911e-01
-1.000000000000000000e+00
-1.000000000000000000e+00
-9.980453660177575070e-01
2.445015569450972870e-01
5.351529228939109206e-01
-9.760712561392153042e-01
-6.019050042639767506e-01
3.147814061182708234e-01
-1.169287883486195070e-02
-5.084744516197057251e-01
-3.237008109229330688e-01
2.586053256609253115e-01
1.000000000000000000e+00
-1.000000000000000000e+00
2.275445211403142876e-01
3.438661622197990431e-01
-4.163725358083650296e-02
4.015563984431342326e-01
-7.108281271120919786e-01
-9.614007427778061832e-01
5.881299108678791354e-01
2.070412736489090910e-01
6.897406427679557417e-02
-3.840560776237429974e-01
-6.163757316430020783e-01
1.000000000000000000e+00
-2.368160780278178446e-01
-1.000000000000000000e+00
-9.617454021851431500e-01
6.287042223719804257e-01
-1.000000000000000000e+00
-1.000000000000000000e+00
1.000000000000000000e+00
1.000000000000000000e+00
1.706665607170776769e-02
3.136737573157535874e-02
3.504486900499636376e-02
1.000000000000000000e+00
7.279733238229904035e-01
6.898908971178128180e-01
1.000000000000000000e+00
1.000000000000000000e+00
1.414772669132161320e-01
5.795789172769243158e-02
-1.361575512400153287e-01
-3.634165719049625154e-01
9.999829289282158307e-01
9.999282505705262558e-01
9.999566588420978341e-01
4.822459640791172397e-01
8.208199024568192392e-01
8.409267351510046895e-01
-1.000000000000000000e+00
-1.000000000000000000e+00
-1.000000000000000000e+00
-9.904637013356549780e-01
1.511763483253840967e-01
-8.439027847130645688e-01
6.978953944536622211e-01
9.527433463128401891e-01
-4.746420851473625580e-01
-9.999859870080425317e-01
-8.277201227975782283e-01
8.559171315945056646e-01
4.127844771063258755e-01
-1.361188271640310643e-01
-1.853218492435122766e-01
-5.460040361753432797e-02
1.642625946347516797e-01
1.638047995260909218e-01
-8.411474376065765368e-02
2.280039681954382225e-01
5.837907510492127416e-01
1.000000000000000000e+00
5.684539669450831001e-01
6.906093481057775652e-01
8.895491716771396495e-01
5.469538905611583957e-01
5.735199639295834872e-01
5.341908320949009248e-01
6.900997157524464409e-01
2.221059915632980428e-02
-9.448509916970852796e-02
4.287657029660367769e-01
