-1.331203177240271041e+00
2.368253651478656963e+00
8.621702258516802386e-01
6.727187885476976215e-01
1.294320928401333434e-02
9.999999999999999547e-07
4.139795893884739598e-03
5.266669523301400480e-01
-9.853409610672744234e-01
-3.150293161453758817e-01
-2.620166893601361680e-01
-5.117610413079095588e-01
-1.000000000000000000e+00
-9.882600446033579233e-01
-9.582207305507991491e-01
-1.000000000000000000e+00
-1.000000000000000000e+00
-8.374717192196658999e-01
-1.000000000000000000e+00
9.668322037685347370e-01
-1.000000000000000000e+00
-1.000000000000000000e+00
9.965548010449063465e-01
1.000000000000000000e+00
1.000000000000000000e+00
-1.000000000000000000e+00
-1.000000000000000000e+00
1.000000000000000000e+00
-9.854057039760384384e-01
1.000000000000000000e+00
4.250043227641559507e-01
6.047670415968161572e-01
-9.999999999998108180e-01
-1.000000000000000000e+00
-9.850813294727922553e-01
1.737688290766752908e-01
-9.971191276384316904e-01
-1.000000000000000000e+00
-6.444181271737992045e-01
-4.075787451488470658e-01
-1.000000000000000000e+00
6.889365078144956689e-01
9.931002769138408404e-01
-9.982257373901094466e-01
-8.705509303816287847e-01
-1.000000000000000000e+00
1.000000000000000000e+00
-5.234156054105160161e-01
-9.855297527746849084e-01
6.847667938613318794e-01
-7.467323156496253889e-01
-5.955382296681842602e-01
-4.053779781657832482e-01
-1.000000000000000000e+00
-5.710202127710701792e-01
1.000000000000000000e+00
-8.512482250226303115e-01
3.614701698985708922e-01
1.000000000000000000e+00
1.000000000000000000e+00
1.000000000000000000e+00
1.000000000000000000e+00
1.000000000000000000e+00
-1.000000000000000000e+00
6.716901641771445830e-02
-4.055377712865161355e-01
-1.000000000000000000e+00
9.433008916617721118e-01
-1.000000000000000000e+00
-1.000000000000000000e+00
-1.000000000000000000e+00
-1.000000000000000000e+00
9.665899782689300057e-01
5.796741780000247424e-01
9.795614267050628543e-01
8.020793708495358443e-01
-1.000000000000000000e+00
-1.000000000000000000e+00
9.970784652462653108e-01
-7.835997396013305583e-01
7.139556354680350048e-02
9.925208102710820768e-01
6.692880558865468288e-01
1.045285947553901001e-01
1.477528320920291349e-01
-1.391255780363447048e-01
2.415049484854759135e-02
3.298861415225293747e-01
1.403499081758695921e-01
-9.543924482680155030e-01
4.364820466233228502e-01
1.000000000000000000e+00
1.000000000000000000e+00
1.000000000000000000e+00
-1.000000000000000000e+00
-6.209527719630526521e-01
-5.753372279627297914e-01
3.333112314731769832e-01
1.000000000000000000e+00
-4.396889754087578428e-01
8.000702003188056022e-01
1.000000000000000000e+00
-1.000000000000000000e+00
-6.916982844825858567e-01
1.000000000000000000e+00
-9.970442470971884186e-01
3.682198435962897864e-01
1.532281431524585291e-01
-1.000000000000000000e+00
1.000000000000000000e+00
-8.798999879457204687e-02
2.921857916924079923e-01
8.254129706309252246e-01
-1.000000000000000000e+00
9.941883844309670204e-01
1.384461996574861721e-02
-1.000000000000000000e+00
9.618384915235032029e-01
1.000000000000000000e+00
6.015346192335993547e-02
-6.339512556444839575e-01
1.000000000000000000e+00
1.000000000000000000e+00
1.000000000000000000e+00
5.840577415013323836e-01
-3.379092790131842799e-02
-8.111237535740503102e-01
-1.000000000000000000e+00
-4.966746489675912257e-01
-1.000000000000000000e+00
7.986017772004352366e-01
-3.152616312810865296e-01
-2.708665596859017866e-01
-3.072713207335129870e-01
1.577552577405132899e-03
3.621683304867395203e-01
3.462512701375873858e-01
4.290658569033700132e-01
6.631136762616471336e-02
-4.205350430462692080e-01
-5.531439193907606855e-01
-4.083046329335607988e-02
-5.687297801590509572e-01
-1.000000000000000000e+00
6.472833598351286355e-01
-1.000000000000000000e+00
-1.000000000000000000e+00
-1.000000000000000000e+00
-9.683462992010577475e-01
-3.534777393607625440e-01
-1.000000000000000000e+00
1.000000000000000000e+00
3.684775727746618657e-01
-1.000000000000000000e+00
-1.000000000000000000e+00
-1.445135710150321773e-01
-4.108092162590294971e-01
-3.748488054297755001e-02
-6.598402218216684045e-03
8.535917038458834538e-01
1.000000000000000000e+00
1.000000000000000000e+00
-5.504424139963072504e-02
-1.398973818547087911e-01
-3.851021009036990628e-01
-2.916851668085805316e-01
-2.871755137682436287e-01
1.210785672022656606e-01
-1.946102113498628661e-01
6.020547164265945828e-01
9.926578605902488528e-01
3.362127828334412344e-02
1.741243741543878065e-01
1.777356888131259305e-01
1.083449170144297619e-01
3.681094419339555612e-01
9.701785013308482641e-01
9.968518238241709239e-01
