-1.249857090768745765e-01
2.003906176973207831e+00
7.326047927738510435e-01
9.043865464319222891e-01
1.642013756070953283e-05
9.999999999999999547e-07
2.846436463919343410e-03
1.000000000000000056e-01
9.092428433105560759e-02
3.113638762883730315e-01
6.162115063210376054e-01
-1.798467913826858056e-01
-5.158362921226782305e-01
-6.132573797023442852e-01
-2.267031758220388049e-01
3.049263617029996376e-01
1.314103310128409974e-01
1.330230733456530257e-01
4.645270986111623146e-01
4.612627039390334027e-01
5.131671529413194266e-01
-1.048846304771961779e-01
-2.545495015344355627e-01
-2.763362507111816746e-01
4.005316844416188099e-02
2.724466371989726077e-01
3.857933845960508923e-01
-2.022138071835278064e-02
1.585236158443329990e-01
-4.362883804824313483e-01
-2.386253508743544638e-01
5.671230907455399040e-01
9.999999999996294076e-01
1.000000000000000000e+00
-4.859206209292413758e-01
-4.099668410804930274e-01
9.712529460024622585e-01
8.483366107041349913e-02
4.534597894822207653e-01
7.362553278667545165e-01
8.740957334224914721e-01
3.136511384770331312e-01
3.267106915472476336e-01
2.747437219894870442e-01
-6.830906406337242665e-01
-4.019207560158243320e-01
-3.323909261363545697e-01
1.000000000000000000e+00
1.000000000000000000e+00
2.234478802410332088e-01
3.521487425436095609e-01
-7.041311860970237424e-01
-9.909875738941107404e-01
6.435325456685745404e-01
1.000000000000000000e+00
-8.099335747926202922e-01
5.391322130296659632e-01
1.000000000000000000e+00
-1.000000000000000000e+00
-2.985655132289858904e-01
-1.051912995202806539e-01
-9.489586256040020151e-01
-6.231099277112289725e-01
-7.818983643355251756e-01
1.682154532401579639e-01
4.272975106251771654e-02
-3.869163480942153788e-01
-7.919755454764794145e-01
-7.395312574132896222e-01
-2.009682354167071638e-01
5.527264548181005238e-02
-2.175332844255351006e-01
-5.642578721776457806e-01
1.000000000000000000e+00
-1.281650571612428791e-01
5.696385107816973048e-02
-2.298644380659725650e-01
-8.021188210549405895e-01
-5.561248141465584549e-01
-2.366783648336341084e-01
7.583433238302075829e-02
-4.074344029819069180e-01
-9.955033780107880315e-01
3.392176623802146684e-01
-6.042432053673230108e-01
-1.000000000000000000e+00
5.982012917751133863e-01
1.000000000000000000e+00
9.490122208618146926e-01
-7.333208765558443254e-01
-6.685611893349330259e-01
9.266435826166316003e-01
7.614909581155405727e-01
6.627886636302824375e-01
-9.450785944712806197e-01
-1.000000000000000000e+00
-1.000000000000000000e+00
-7.354556242043747138e-01
1.000000000000000000e+00
1.000000000000000000e+00
7.321368807735937345e-01
-6.550430316177429102e-01
-8.323080504458291173e-01
-1.000000000000000000e+00
1.000000000000000000e+00
1.000000000000000000e+00
-1.000000000000000000e+00
-9.665966419146566624e-01
-8.222550226992456635e-01
5.261086920476606421e-01
1.293725385133703276e-01
-1.576455656193253840e-01
-1.578487127084825248e-01
-1.000000000000000000e+00
-1.000000000000000000e+00
3.663106354393992903e-01
8.431115254420840088e-02
1.000000000000000000e+00
7.072769278334610776e-01
7.077861985059681615e-02
4.353969698325016457e-01
7.243240413827657376e-01
2.056181925457492288e-01
-8.191181244796906791e-01
-9.147790781728760701e-01
-6.230954190643063217e-01
-1.346417265405370212e-01
-2.702710567784866874e-02
-6.427353533671523178e-02
2.957119998972176488e-03
-1.219585971859675141e-02
-3.881113728708130567e-02
-7.786574501500476142e-02
-2.855200170819357508e-01
-1.569748991566268306e-02
9.435615309713943355e-03
1.941874260982578704e-01
2.473130659381320151e-01
7.836873819778274186e-03
-2.562449888451499569e-01
-2.462597628401833605e-01
-1.203180120060615005e-01
-1.652921526856940271e-01
-1.000000000000000000e+00
-6.009088809184596203e-01
-5.954229883274103630e-01
-4.022232432403428648e-01
-1.493286535986234898e-01
-3.506241039663520187e-01
-2.362309187509489261e-01
-2.314281916058438526e-01
-2.298143247246206555e-01
6.042929415753336420e-01
9.982028081857532431e-01
3.307045150348448259e-01
1.657400563288116691e-01
-8.866719060800959396e-01
-3.571720231854851879e-01
-1.000000000000000000e+00
-1.000000000000000000e+00
1.876490361198305534e-01
4.223663638044219404e-01
4.783371374659864950e-01
2.046830328371427310e-01
-7.601570104560134711e-02
-2.285451564397410207e-01
1.852314757685949789e-02
1.159764218590854101e-01
-9.938205801528801620e-02
-9.654400404716319273e-02
-4.349259928051251167e-01
-1.730683861657025258e-01
5.036841893267478554e-01
5.023549770279874815e-01
-5.256341610850120416e-01
-6.267624020091124848e-01
-1.790552239858672345e-01
1.276080760672224090e-01
