-2.015396873700390667e+00
1.000000000000000000e+01
9.999989590936865236e-01
8.120096236423811620e-01
9.999999999999999547e-07
9.999999999999999547e-07
4.376734674697745769e-03
9.999998021103401413e+00
-7.760780270907078338e-01
-9.575253091526197968e-01
-3.802715369908616916e-01
-4.277233584237323805e-01
5.989916515942141917e-01
5.769887231420200990e-01
4.171527870317973119e-01
9.583406298067400630e-01
1.486508100261632881e-01
-3.330966775561374771e-01
-3.046935477947813609e-01
-2.465737882992915242e-01
-4.591296011811401429e-02
-3.111215873017286748e-01
4.729973265772496327e-01
-3.568769595831576269e-01
-3.662124604564977459e-01
-3.798628352115485107e-01
4.412778901098283191e-01
5.974815321821792535e-01
6.701729057944154633e-01
4.072286550215087897e-01
4.645109228007102686e-01
2.198791251319404949e-01
7.220814318921510155e-01
9.999652933388198939e-01
-2.754375889111861930e-01
-2.420643957589366790e-01
9.741930113986451145e-01
9.380084365848181394e-01
6.335748843688590037e-01
-3.007227890694028852e-03
9.886663586869949283e-01
1.000000000000000000e+00
-5.949996133954823518e-01
-4.910789458739856506e-01
3.449573209938315288e-01
-7.909407547723121268e-02
1.487477686147363823e-02
8.967780038639752149e-01
6.518598829864742372e-01
6.367432376940905803e-01
-3.064127707938623518e-02
2.269702328549998704e-01
-3.265837729742407936e-01
9.968812242440273641e-01
1.000000000000000000e+00
-5.064385024505201338e-01
3.537950395465019188e-02
9.963129965909777175e-01
-8.141178038289568208e-01
4.336281709756579228e-01
9.319068696883733849e-02
-1.022904892879734629e-01
4.923504012291435861e-01
-1.822698686175688310e-01
6.108320105174003950e-02
4.044477806140902021e-01
-1.615221385640483176e-01
1.720102614744815073e-01
-3.088278416013036098e-01
-9.349384688193265180e-01
2.603735019458248701e-01
6.097953495145953529e-01
7.400639098259939042e-01
9.987802481788621289e-01
7.085341324312459665e-01
-2.201605443968134845e-01
-5.137051899429225799e-01
-2.879844247726384143e-01
-6.999786152383100646e-01
-5.612470888135147329e-02
1.133622246513503046e-01
4.521125373269738179e-01
-4.951676343800768265e-01
5.591922227538679291e-01
-1.779931743183293114e-01
-2.394960401140282247e-01
5.959073475566640798e-01
1.000000000000000000e+00
5.330384931108356206e-01
2.071543973900409619e-01
3.178852055254622888e-01
1.000000000000000000e+00
9.386657391096708825e-01
6.359162367934271254e-01
-9.837180526801589941e-01
-6.274838085566267765e-01
-5.177915213996319155e-01
2.488085708129502555e-02
6.965759380320557526e-01
-1.544479978813539933e-01
2.433382834585223753e-01
2.720132025915320551e-01
1.943346022693207553e-01
2.272030197197378448e-02
1.000000000000000000e+00
9.997670447461723953e-01
-9.012564508092911764e-01
-1.000000000000000000e+00
-8.614745267852056410e-01
1.000000000000000000e+00
4.325804342764655308e-01
-3.217307344434024996e-01
-3.810556470413204444e-01
-9.578476686198206247e-01
-9.970445216353959195e-01
-2.370447809363402936e-01
-5.606087313982919262e-01
1.000000000000000000e+00
8.270796826919739608e-01
4.039650528662860896e-01
6.243638221153485768e-01
7.824282082331344146e-01
1.333517405811849854e-01
-5.674031348318759882e-01
-9.548503643208816616e-01
-5.924434859425875555e-01
-7.499654015763800030e-02
1.088442085114033619e-01
9.167872203690590194e-01
9.209196404424014881e-01
5.476975603660952929e-01
5.057868544104268116e-01
-3.054067589916999448e-01
-3.083431996719567803e-01
-1.455085543861921737e-01
4.036124141505721408e-01
1.905826327430290290e-01
4.220540502077304579e-01
3.803216231159013416e-01
-1.737467373548531036e-01
-4.095037035386007718e-01
8.955871360074567356e-02
-1.842607548708991572e-01
-1.000000000000000000e+00
-1.621066630052432067e-01
-1.155896554924719932e-01
-3.236098400202894881e-02
-5.868475180418027959e-01
-6.318554481881093476e-01
-5.491162930092041705e-01
-9.432922652835452615e-01
-9.849490068128500253e-01
3.884184175588669685e-01
1.964895940632141735e-01
-3.070631936004312168e-01
5.119760735557626896e-01
-1.613998519328643799e-02
5.162967922906372964e-01
1.976548770207156025e-01
-2.964498412021935869e-01
6.398589203470058662e-01
1.085857842047694283e-01
1.366932546004132921e-02
5.824792093901784429e-02
2.627080882625502656e-01
1.271645842782384572e-01
3.291409994588245236e-01
-5.159034088230846082e-01
-1.045831447204130515e-01
1.267734223360566792e-01
-4.256277303974043691e-01
-5.569460298801870435e-01
4.368333085854366749e-01
3.923998189362275513e-01
5.545184056604649664e-02
1.265306544300072999e-01
-1.738243728822120582e-01
5.774415243718193924e-01
