-4.920774875941248683e-02
7.922942488630222435e-01
9.071266571228923103e-01
6.090353130907730783e-01
4.104919109456051096e-01
6.838684301908121155e-02
3.755674667671656539e-04
5.411701429350395109e-01
3.498544332920565103e-01
3.374132432914843105e-01
9.277593835475110851e-01
4.557413235117455663e-01
-3.269384239636792255e-01
2.325978985002734034e-01
-2.097530266568901347e-01
4.563992043135186027e-01
-5.713992944551656850e-01
1.322737125988342477e-01
3.374527032084184142e-01
2.903267793857661760e-01
2.211628700869567865e-01
6.213649255113453673e-01
6.192828565779442407e-01
4.519112328514333088e-01
2.414549048631090822e-01
-3.516218637803605329e-01
-1.714999725304360845e-01
-3.006778262181024064e-01
-3.304807491733719460e-01
-1.972735475437866481e-01
-3.977819078807529052e-01
-4.203046064907232093e-01
-4.176682104195580947e-01
3.425386850680995354e-01
-3.386065752876984414e-01
3.368873372847699388e-01
-1.000000000000000000e+00
1.808496813181637852e-01
1.088638839559700755e-01
2.431413684995428481e-01
2.746863383762138677e-01
-9.572950379353113437e-01
2.835227624318784057e-01
2.585776628463039017e-01
2.079989431064433597e-02
1.272950093833875307e-01
-4.380689629279851949e-02
1.041944776127354533e-01
1.527688437080367279e-01
9.091860656063006224e-03
3.302641172778588707e-01
-4.017016346696998808e-01
2.950543194034631594e-03
1.889357707408417519e-01
-4.945542691259752904e-02
4.253775327362100400e-01
4.575016690570408162e-01
5.452480436873886616e-01
-3.023981676545865471e-01
-6.259009205828064415e-01
-1.573237967314012886e-01
-2.557495802008653007e-01
-2.748967087364390105e-01
-1.728831812632411202e-01
-2.117560246001990720e-01
-2.543070780129619290e-01
-9.751902370099274631e-01
-8.901388706806474538e-01
-8.766350843406460758e-01
-1.354222478004555585e-01
-2.494275201024227229e-01
1.087469616722411409e-01
2.760511178547054439e-02
-1.221076264198267397e-01
-6.493369068191849891e-01
-9.242901260838840560e-01
-9.580462183833922118e-01
-3.603950040406933564e-01
1.836047299753683082e-01
4.286628455844927466e-01
2.322832549553086878e-01
6.588683987208913129e-01
-2.699418030882039243e-01
-3.476154191589529430e-01
5.221522395195083988e-01
-3.085729936084096181e-01
-9.867822233734030446e-01
-1.000000000000000000e+00
-6.903691574371320083e-01
-5.775772630798495788e-01
8.876954816002082804e-01
4.599844907911748715e-01
-7.132866809629788418e-02
-3.557847463695337081e-02
-8.446283727018945309e-02
-3.262549262975603104e-01
-1.772918039925479028e-01
3.158356392361850729e-01
3.368054946323227328e-01
3.127584394233297038e-01
-1.802678832213907081e-02
-3.739835880200028523e-02
1.000000000000000000e+00
-3.477727829883346944e-01
-3.712397398050761022e-02
5.209112201609062964e-01
5.400753448649113775e-01
4.874354617947873058e-01
9.962550650511717287e-02
6.857544572360382285e-01
2.347932921679950768e-01
1.116998037206783090e-02
3.127421932381933001e-01
-1.186505342744154368e-01
-2.445741655995869457e-01
-1.202792027449452322e-01
-5.554271386246788927e-02
4.068435129182444432e-01
2.818560362216641080e-01
3.144511717031101550e-01
8.196080584746602282e-01
4.049306487092744766e-01
6.778420398161036919e-01
4.584848464653810685e-01
4.855495986674536191e-01
4.733608733416119763e-01
-5.480617618076133457e-01
2.815912406684349945e-01
-2.155977435851878232e-01
-2.242631132813878436e-01
6.441040994948630249e-01
1.000000000000000000e+00
-1.850411490029261752e-01
-4.020052870262492972e-02
-4.245542088508015843e-01
-4.167254501601020955e-01
6.827076908473230787e-01
7.297724141547907717e-01
4.361777068781381717e-01
6.544610104327677202e-01
4.798261687728719860e-01
5.318837166550992590e-01
7.094711071934833857e-01
6.136491356267819580e-02
5.275708899440755689e-02
4.324602527770706750e-01
-3.019957773453282868e-01
-8.274598282849011666e-01
-9.024261780486456663e-01
-8.837731495843044183e-01
-9.203719272541256435e-01
-6.981627658494714561e-01
1.361082651978394453e-01
2.141664249903650966e-02
1.242458260202431580e-01
8.504328229322405397e-02
-1.134198779152744557e-01
3.794083724067814217e-02
2.418511092787508088e-01
9.597363299212259558e-02
-6.223527694460616599e-01
3.389399687623767532e-01
4.459627817241313963e-01
5.627311540318978844e-01
2.377451190096958045e-01
6.339641978240728726e-01
-4.016804367253287156e-01
-5.133285368019712136e-01
-3.004543019025825989e-01
-6.354853610314454837e-01
6.819156596619928568e-01
1.362333794652462182e-02
-1.868015204812874530e-01
-8.629645314861290606e-01
-2.272518030538574485e-01
4.077279733103607584e-01
1.345565735060511581e-01
4.619887212927436537e-01
-5.429194340423618703e-01
-8.696483668237634523e-01
-4.005782665976015400e-01
2.833077451690052539e-01
-3.461231043969579257e-01
2.943941627943368888e-01
-5.811277160036257827e-01
-6.630332456958616394e-01
-2.745398636490292699e-02
-1.000000000000000000e+00
-1.000000000000000000e+00
-2.238666787453793550e-01
9.463290824812474744e-01
5.724942333290063967e-01
2.999591086801000617e-01
7.598659326289792793e-01
8.285824355571215216e-01
3.786415333477959888e-01
7.742343908911342165e-01
8.644054006349334296e-01
1.000000000000000000e+00
3.365800159047424578e-02
1.646978798205812888e-01
1.697699957063459053e-01
1.000000000000000000e+00
4.551270614001139969e-01
3.358711099450335524e-01
8.259538815899281072e-02
5.067251679506332707e-01
4.417978810346928631e-01
9.614923923673444200e-03
3.953457030962373997e-01
-5.229698691878534866e-01
-1.000000000000000000e+00
-1.764706982347614417e-01
6.150764003009011605e-01
7.079642443035372157e-01
1.463511773702838026e-01
8.754073628549083330e-02
4.083959140911614383e-01
4.302291475058896419e-01
-3.686632443546989379e-01
-3.250375484960611461e-01
4.575465307616071592e-02
1.739979811790685338e-01
1.696945916049026060e-01
-8.175323843714985550e-01
5.734398397901752098e-02
-1.740993971144078889e-01
4.453717763975582611e-01
5.422259600704057991e-01
4.536633471414053265e-01
3.537791916151787341e-01
-2.863879433202173308e-01
3.791462169083183453e-01
1.527704708076946527e-01
9.101802716081991429e-03
5.926155510686869077e-01
1.915353663802828454e-01
5.505279273714326349e-01
-9.593870623436105693e-02
-3.810593198353541822e-01
-3.551366869156105111e-01
4.393213740894892916e-01
-9.130925481529551524e-01
2.650005318385033615e-01
2.267574948341195828e-02
4.351261755774882278e-01
5.596530530971058903e-01
5.570545250578331498e-01
6.373170806145400658e-01
8.778518926373686249e-01
1.830103446041647097e-01
1.977290362321068029e-01
3.371574047473571145e-01
3.632108512981557791e-01
-3.988029084751382874e-02
8.843657961200952489e-01
8.756343046330956614e-01
3.965692581435350528e-01
2.451311594288937412e-01
-1.272961779414134853e-01
1.368912682361262678e-01
1.749544358251549012e-02
-1.000000000000000000e+00
-1.000000000000000000e+00
-2.497844755217717705e-01
-2.688431205671009128e-01
4.383118672690536899e-01
2.579864994616756224e-01
6.774814046422070191e-02
-1.309193891120631614e-01
-3.552050886232047677e-01
-3.409191572286463523e-01
-6.542847722214353290e-01
-5.628166124030564710e-01
-8.412075744720134418e-01
-6.932207846951398134e-01
-1.329230278970575385e-01
7.789995720883166053e-01
2.616115505216268233e-01
-5.537953809323519216e-01
-5.490184270399887101e-01
4.699978334141950431e-01
1.148913961376132192e-01
1.639514448762360022e-01
2.138526460362264736e-01
1.955296548496776032e-01
-5.027741197830917219e-01
-5.113216415139303361e-01
-1.000000000000000000e+00
-9.083813087256173979e-01
5.338710762893702361e-02
-7.402717616832160674e-02
1.937502089506885072e-01
1.215668933802245971e-01
1.314104957104125504e-01
3.179573575973182464e-01
2.784213568312043918e-01
4.032495489262901689e-01
4.010891168464270629e-01
5.367600894705175651e-01
1.443491691613049688e-01
5.703301229770634251e-01
-6.005920410548784005e-01
-4.683405851270468490e-01
-3.904605607416233165e-02
-1.501605077344776024e-03
5.872364805324323811e-01
5.252445478893459363e-01
7.268682557162249314e-01
3.386132751076186276e-01
-4.128728455321627466e-01
-4.943268967228370836e-01
-1.519856207215079247e-01
-5.276963126161966500e-01
-2.663930907808749748e-01
-2.940326372051280668e-01
-6.082560366283842890e-02
5.334908608541268915e-01
2.905533619640283671e-01
4.937775025840707710e-01
-7.057033946313461259e-01
-7.018589171967068996e-01
-1.103939013594899682e-01
-3.491667233390721714e-02
9.193749244749510607e-01
3.966463245689577088e-01
2.800166479847844281e-01
1.856447506062574304e-01
4.615979950463377501e-01
4.711208010156437975e-01
6.629324464132461125e-01
1.653708386739947689e-01
-1.994165962426311389e-01
1.511029562948474902e-01
4.315434209384810815e-02
1.905649679536876862e-01
6.749364143341546329e-01
2.732609392347727928e-01
2.939387206978682499e-01
3.261187130356863473e-01
-1.219133489598578368e-01
7.352578486594569807e-01
4.795540629277447175e-01
5.580237938586635194e-01
4.362594261430177700e-01
3.593701098438457087e-01
6.828001201548833388e-01
3.551131033638795648e-02
2.134219419724888156e-01
2.515325690380886825e-01
3.072950773179082828e-01
3.541441562885798700e-01
4.719451274293980370e-01
5.163100248039091955e-01
5.224192590523130120e-01
4.830923548891060681e-01
7.299788033010250476e-01
1.817840096718011458e-03
3.965776931935464100e-01
3.650003753872846368e-01
3.432606629008309596e-01
6.969267545918327311e-01
4.194558736226547402e-01
-1.634232595123486231e-01
1.535650163802983748e-01
-1.615851533284140551e-01
3.275649490114844742e-01
-2.412817766250800744e-01
-6.226918391345592774e-01
-9.580112314369020332e-01
-3.907622182224166907e-01
-5.412230686745732600e-01
-5.191133564228837816e-02
-2.924176022952212350e-01
-3.653911317623695365e-01
-3.302928587543943473e-01
-6.013268432378675588e-01
