7.724657224919777299e-02
1.848451399168058729e-01
9.851734333003181465e-01
5.753764386157824706e-01
3.493511061791558237e-01
4.636722950387817122e-02
2.191337417659168008e-04
3.945498293965261083e-01
2.339120958609278433e-01
-7.280941751439957699e-01
1.117190806879288512e-01
3.903120933390281100e-01
5.469765066299765027e-02
1.800248062679531691e-01
4.403625265627175017e-02
8.762118692463663483e-02
7.888217492523610930e-02
-1.387339482696380855e-01
-9.342763811380155881e-02
-1.082254819044561195e-01
3.274854691086943048e-01
1.930483525661659816e-01
3.083926580565696240e-01
-1.201350239463999381e-01
5.290078041491057537e-01
9.122010431804095099e-02
-4.555401301101798944e-02
-4.011730053479005687e-01
3.872286082606008484e-01
8.086245612382798598e-01
2.225896980888804610e-01
9.993943477288522725e-01
7.807156019926867474e-01
2.134722995956551128e-01
6.264095558247548823e-01
-2.857725592906979473e-01
-1.000000000000000000e+00
-6.070404424268784904e-01
-1.995835054402348152e-01
1.636692029583375341e-01
1.224949582148304877e-01
9.776318700544029960e-01
1.955024536322116646e-01
-5.739845627537852601e-02
8.792545301350878084e-01
-8.356482442334187688e-01
-4.004560848771538395e-01
2.478060083804011979e-02
3.736204580007772003e-01
-3.179725221886043479e-02
1.114802533830796388e-01
-4.083111032232287774e-01
-6.178621173172952480e-02
-8.167481092878220439e-01
4.648809309960186265e-02
2.787945166304210964e-01
-4.295157739724803081e-01
-2.147278532660875372e-01
-7.410312879260029240e-01
1.326749624978484643e-01
-8.069163473771790995e-01
-2.421422161964661701e-01
-3.852959727571193815e-02
-1.686628529869448057e-01
1.857542399345328277e-01
1.000000000000000000e+00
8.805696562090865598e-01
-3.354520401385108763e-01
-2.747989125969356738e-01
-1.867994637628274668e-01
3.443415222621070138e-01
2.568164593412735619e-01
3.477094075115931826e-01
8.980110272942908312e-01
1.000000000000000000e+00
1.000000000000000000e+00
-6.528382975342106320e-01
-5.093198133534414251e-02
-1.322988229375823555e-01
3.781470159403822751e-02
-3.888752163213954893e-01
-1.760165186285485017e-01
5.656430188556123007e-01
1.000000000000000000e+00
-8.449829256982516190e-01
-6.020503987033068993e-01
-8.836114535810136728e-01
-4.736057378253628602e-01
-6.460716806385841116e-01
-2.147302397999189538e-01
-8.387805070858018741e-01
-6.040243635268240097e-02
2.417291401272601559e-01
3.170942513707933896e-01
-3.611783096832241191e-01
4.008137670334055991e-01
-8.110877155114266657e-01
3.316159937280455661e-01
-7.680621973286060333e-01
-4.344663648969313008e-02
-1.000000000000000000e+00
-4.603635674830017788e-01
-1.503125946433336579e-01
-8.305711785964793314e-01
-9.899546759213225799e-01
-8.616488039781238228e-01
-9.096328293516148245e-01
-8.641980381172960357e-02
1.199428858126307257e-01
6.142467573789028162e-02
9.352497579268896910e-01
-1.000000000000000000e+00
-5.082027796791593888e-01
-3.476733769766152671e-01
8.059231713988664891e-01
1.000000000000000000e+00
5.912556444602206085e-01
6.216137114976552080e-01
-4.334413723467324675e-01
-7.641006666854003315e-01
-4.106087102262662158e-01
-7.086232854156540029e-01
9.407095156448936901e-01
-9.773626742787612509e-02
-1.328598403218593516e-01
-9.509855584314051979e-01
4.815430546862643491e-01
1.000000000000000000e+00
-1.403419114145189883e-01
7.011797882702996976e-01
-1.000000000000000000e+00
-1.000000000000000000e+00
-1.000000000000000000e+00
-5.078146845586908320e-01
6.883265351961749268e-01
8.918368973103531216e-02
-6.386802817938276589e-02
1.834968137490700646e-01
2.585068697605463761e-01
3.578240131565192939e-01
4.912710343918360034e-01
4.978058458110672935e-01
7.436072301910701121e-01
7.979388634623858778e-02
-3.888411035576450764e-02
-1.000000000000000000e+00
-1.000000000000000000e+00
-5.417902986047362646e-02
-4.563788203229337537e-01
-4.079118382916707697e-01
-3.339841799861852367e-01
1.209420539132700784e-01
7.165867022808508624e-01
-6.362349921817253562e-02
-6.057871969341481477e-02
3.090915968054790477e-02
8.360659348776371125e-02
9.109767510343508290e-01
7.669181945193481731e-02
5.048799286682268544e-02
1.177869997716521518e-02
-1.257284084678890815e-02
-8.849726461488929830e-02
-3.991734554321687556e-01
-6.475450314439619159e-01
-5.104527610534336235e-01
-5.563369259318537985e-01
1.134302627227143541e-02
5.051674845101120637e-01
-3.109379121045423577e-01
3.382061418160507427e-01
4.706941671523623416e-02
1.911184520057797875e-01
-7.383114835932085285e-01
9.235090769666117749e-01
-7.361637096268892899e-02
4.958749146218335291e-01
1.151533249790682445e-01
-3.514320277824258820e-01
-2.642688251151958934e-02
3.486045476787108521e-01
8.850815504400071088e-02
4.801985584096107318e-01
-3.411482289778191568e-01
-3.501153634171831341e-01
2.813549384059587516e-02
2.255961610447125010e-01
8.688718579392437080e-01
7.492141160316498905e-01
-2.354026761946289431e-02
-2.714148669944239090e-01
-3.826707856912496264e-01
2.946342708241641573e-01
1.000000000000000000e+00
3.853207255099119211e-01
4.203948334839444634e-01
-1.241926260550814572e-02
-1.000000000000000000e+00
-4.651951949648057694e-01
3.834006023376188010e-01
-4.023835889575272939e-01
-1.422905654214649818e-01
7.498331827680254635e-01
1.000000000000000000e+00
9.370407824233389915e-01
-5.579049279979328424e-02
-2.353456376782568082e-01
-5.664909353051655883e-01
-7.341790488749112553e-01
5.238017954834573997e-01
1.549761133173541972e-01
-2.514608838068676522e-01
-2.702668349250881286e-01
3.917536346728198171e-02
1.385898082523534247e-01
-5.445118412303435740e-01
-3.833154264870902717e-01
4.960076096881161356e-01
1.907821023594997445e-01
-2.641752796805796888e-01
-5.474437099658206740e-02
-1.964794927959733623e-02
1.235570007609133464e-01
9.625234919728965777e-02
-6.648342115442541500e-01
2.410801912893185683e-01
-4.416546024155510591e-02
1.060756910674978681e-02
-2.940589770628483082e-04
-1.000000000000000000e+00
-6.015151535792330195e-01
-7.282419331266244411e-01
-4.215862330703635807e-01
1.853880016200105674e-01
9.699749266624315691e-01
3.984238476598378487e-01
3.253456890957978076e-01
2.751252454178694240e-01
6.369218528864244444e-01
8.484320642951851399e-01
7.203582735004780968e-01
8.442864920656859562e-01
9.527402014287965626e-01
-5.164980604969157674e-02
-9.877835555019895963e-01
-1.994812373041627840e-01
1.956869311465249048e-02
-1.000000000000000000e+00
-8.271453149291283502e-01
3.818306032207095524e-01
1.677579189830779027e-01
-1.119226440398132655e-01
-1.892292107669614198e-01
2.084730102090791848e-01
6.600643538410315703e-01
6.494328661682349790e-02
3.844144311550375948e-01
2.839453927289882842e-02
-3.326239030797210061e-01
-1.728899007016546641e-01
7.298697394706837871e-02
-3.616119531047226610e-01
-3.083469378631847890e-01
4.698944339047246843e-01
5.283170218541741736e-01
-7.816591191463944099e-01
-1.760964726148580295e-01
3.998972639303940424e-01
9.817217692137699681e-01
3.900343458054859602e-01
3.406229923603266152e-01
3.867982475759496053e-01
2.086506692697572274e-01
3.556894519316346481e-01
7.666079560711668295e-01
8.547440471848539723e-01
8.403041189747573192e-01
2.322429290542405156e-01
3.957703840744118962e-01
-2.887752756517197317e-01
-6.962269558177279771e-01
-2.652394335720904481e-02
1.656667401574781762e-01
3.489302338922601471e-02
5.481956290201520643e-01
1.776132370085254097e-01
4.524815700854766254e-01
2.862877584941397879e-01
3.306997698024011223e-01
9.041114056856027759e-01
9.984360685561487481e-01
3.681951928525565854e-01
-8.834969571514751652e-02
4.485154042677353958e-01
-2.320554288575522317e-01
-3.717967038448456718e-02
3.631455833185720516e-01
1.235845967601875844e-01
6.039124547345341154e-02
-1.863710664466056988e-01
-5.388806525444946871e-01
-1.400818406688077167e-01
5.193296163529319553e-01
4.226114773279677772e-01
7.375109090303942905e-01
-1.273283273802008897e-01
-1.728243979899753147e-01
-3.375434213086215274e-01
-5.094047313156176982e-01
-8.730448443970583172e-01
-2.155291902096920231e-01
-4.440162292343190487e-01
2.866034875768819559e-02
-1.060133103905599311e-01
1.278018712057197269e-02
-1.366597002523754073e-02
3.931740131432846508e-01
7.738523586685835953e-01
1.838953226566557297e-01
1.245395103084697558e-01
-4.573011703451675403e-01
-6.986749500533989687e-02
2.476913779991948561e-01
2.744301618124795339e-01
3.141417933095684289e-01
7.568159853695188843e-01
4.386177061300421953e-01
1.311792605020491165e-01
-4.303658275549623879e-01
-1.145907042346772653e-01
2.383829410008449223e-02
-2.448270319412973739e-01
7.520075537820464229e-02
1.268944858894434369e-01
1.670754405009270416e-01
3.752112703016703410e-01
7.891481984220397594e-01
5.531486049577867270e-01
1.286137573199505613e-01
-3.143366892701142390e-02
