7.724657224919777299e-02
1.848451399168058729e-01
9.851734333003181465e-01
5.753764386157824706e-01
3.493511061791558237e-01
4.636722950387817122e-02
2.191337417659168008e-04
3.945498293965261083e-01
-3.846503926802708612e-02
4.097166469372122144e-01
-4.357525094085884509e-01
-2.030771860338849155e-01
-4.014134694565132389e-01
-4.224865826775665023e-01
-9.039457275855915519e-01
7.924241914188379088e-01
-3.132988109561012785e-02
9.998895592733957338e-01
2.853849322917398901e-01
-9.991454749261768908e-01
-5.618597623068086744e-01
8.744340635766074676e-01
9.914920269086198168e-01
5.852109221403052342e-01
7.355841647967849006e-01
2.683683007504297779e-01
2.833017685451596490e-01
1.851308545458799915e-01
5.719043431786767773e-01
9.006311436595187958e-01
1.000000000000000000e+00
3.088768717610471115e-01
5.424177557752641876e-01
1.000000000000000000e+00
6.097666517554014565e-01
-6.559173482034068581e-01
3.881461763335039561e-01
2.527428224950291069e-01
2.614502681043507915e-01
-5.488010959933731225e-01
9.621642625226687340e-01
-9.402656646505039850e-01
-9.949184839445726070e-01
-1.000000000000000000e+00
6.797383519831491361e-01
-1.000000000000000000e+00
-9.969546264650859246e-01
-9.227423986337391915e-01
1.341342313349639659e-01
-7.023636151698123276e-02
-7.998750530062986863e-01
-3.894176528381071978e-01
9.944214490149715369e-01
1.976451344168996538e-01
-9.417751407387732199e-01
-5.489802154005628959e-02
3.964627831020891002e-01
8.013695834707399435e-01
9.531869006559925417e-01
-2.710113701280104093e-01
-1.682786716177688546e-01
6.890971751856868055e-01
-1.000000000000000000e+00
-1.000000000000000000e+00
-1.000000000000000000e+00
-7.895416627521590902e-01
-7.884838674462940622e-01
5.975875683476112865e-01
9.641608419069802594e-01
9.979508977342053111e-01
-3.092012944071772518e-01
-8.990276998237300976e-01
9.654019748751865304e-01
1.000000000000000000e+00
1.000000000000000000e+00
1.000000000000000000e+00
7.494157329195347828e-01
-3.668845892868823899e-01
-4.546986985190563657e-01
-1.000000000000000000e+00
-7.058048308296620554e-01
3.080341651022235894e-01
2.057152861655121290e-01
1.000000000000000000e+00
7.447838743290569052e-01
-1.000000000000000000e+00
5.229473486993048426e-02
1.000000000000000000e+00
-2.169835938182931023e-01
6.346117575378319442e-01
9.820626640698559839e-01
4.680408153880991073e-01
-4.026303460924666733e-01
3.100051913041677876e-02
-7.013264800155839529e-01
2.419695580687490633e-01
9.148831831769023148e-01
7.730022583568543215e-01
9.959326400139074664e-01
9.727803348146292217e-01
9.825857737914842627e-01
-1.000000000000000000e+00
9.996600281132709265e-01
1.000000000000000000e+00
9.997548225822696644e-01
9.997259163730273235e-01
-1.000000000000000000e+00
6.708526631987716815e-01
9.897848481168612933e-01
-8.176947785526492707e-01
9.254410402567972982e-01
-1.568996299110600734e-01
1.280518098884629030e-01
1.070983980942670916e-01
-1.000000000000000000e+00
-7.290910547364279903e-01
1.000000000000000000e+00
-2.835917657587063156e-01
-2.433241571657156210e-01
1.000000000000000000e+00
-1.000000000000000000e+00
-1.000000000000000000e+00
-9.633418209444393199e-01
-1.330171000612205001e-01
7.650019564140683181e-01
9.513242115939036792e-01
-9.260166703647084718e-01
1.000000000000000000e+00
-9.968855542110410806e-01
-7.322569056567682644e-01
9.351225622932206327e-02
1.000000000000000000e+00
1.920449350192701965e-01
-7.282761741441695635e-01
1.000000000000000000e+00
-5.331648653981835295e-01
-3.871353883766020521e-01
-1.000000000000000000e+00
-9.998352571173727554e-01
-9.745671578431883697e-01
-1.000000000000000000e+00
-1.000000000000000000e+00
1.315762551279944237e-01
2.643567323010126979e-01
-9.999627345440463833e-01
-9.994547421057791148e-01
4.751592691939088842e-01
-8.415641603974282070e-01
-1.000000000000000000e+00
-5.006302671467449672e-01
9.992969895756363963e-01
8.120941210698353618e-01
-1.000000000000000000e+00
-2.770689627420060974e-01
7.930824858204703620e-01
-7.956845647978705305e-01
8.361225393296428665e-01
-9.996130599710943976e-01
-1.000000000000000000e+00
1.000000000000000000e+00
-5.624667228796900176e-01
1.904178640344154072e-01
-2.035900329671674058e-01
-7.874771828606068613e-01
1.000000000000000000e+00
-7.597408547122180833e-01
-1.000000000000000000e+00
-8.666068548217837897e-01
3.099688653990655962e-01
-1.000000000000000000e+00
-1.000000000000000000e+00
1.000000000000000000e+00
1.000000000000000000e+00
1.840619936505586973e-01
-8.919779874756093019e-01
-8.363519481929790333e-02
1.000000000000000000e+00
9.809983613284072312e-01
9.065306665316597012e-01
1.000000000000000000e+00
1.000000000000000000e+00
6.987269131611354434e-01
-1.784774294286013696e-01
-1.000000000000000000e+00
-1.000000000000000000e+00
9.857826380115245479e-01
4.702664299614180421e-01
1.000000000000000000e+00
3.280737711957957270e-01
9.415169012244876123e-01
9.756516452982494370e-01
-1.000000000000000000e+00
-1.000000000000000000e+00
-1.000000000000000000e+00
-9.776008137072567106e-01
6.363694529457797344e-01
-9.097756205495681758e-01
4.398528709877816412e-01
1.000000000000000000e+00
-1.000000000000000000e+00
-1.000000000000000000e+00
-7.560470721842219577e-01
9.999597880766855074e-01
9.916567722220073211e-01
-2.808184119582414137e-02
2.573081000644604210e-01
6.711111203587109830e-02
3.029269347536855395e-01
1.887263333764281903e-01
7.635681917214226511e-01
7.293921307505717433e-01
1.000000000000000000e+00
9.999196069268866394e-01
8.999918570505021087e-01
5.004912405924741847e-01
9.992136505898436827e-01
8.250459078710118410e-01
5.365897135979039723e-01
1.000000000000000000e+00
1.000000000000000000e+00
2.265583344558137480e-01
-2.970953910437301379e-02
5.749094688763561889e-01
