-3.059563106270388744e-01
0.000000000000000000e+00
7.093421988632014896e-01
9.999986085318077755e-01
1.114708718043836005e-01
1.304025944401153436e-01
0.000000000000000000e+00
3.642918673433120258e+00
-5.824663292138433368e-01
-7.949387707108308831e-02
-1.033523782340678987e-01
-6.032283218560028359e-01
5.199806009301557452e-01
6.180970814906213695e-01
5.018490661689233301e-01
5.017011242148153860e-01
-2.493812010196519990e-01
1.759676886707122190e-01
-1.250834837484122442e-01
-1.405365466608667901e-01
6.608562196751818218e-01
8.887957471467506920e-01
6.758835304824417634e-01
7.699661225404111353e-02
-7.281582663176819868e-03
-6.507857220331338122e-02
4.598651190527740934e-02
4.615678000621732946e-01
2.872009186339112286e-01
-8.329213724795510032e-01
-1.482186921607640817e-01
-2.471637108185235909e-01
1.398065090290171730e-01
8.115613424975326451e-02
4.616638779489880551e-01
8.052904611577899052e-02
2.181940261171991940e-02
2.397870847428895669e-02
-2.856680285078779247e-01
1.374640220076016883e-01
5.074774793695731034e-01
-6.993035345924762947e-01
-6.061884420681160623e-01
5.479073506851853681e-01
6.761713922979222247e-01
-8.061654263060034076e-01
-1.738550154139009984e-01
1.178893200125718556e-02
2.622856601512872365e-01
7.797941068227139949e-01
8.061582709317918205e-01
4.093912507879354234e-01
3.257596523628442098e-01
-1.851674873043873681e-01
3.698146039697207121e-01
-2.211696007028231548e-01
-2.695016597660422897e-01
-9.755172774604242703e-01
-5.168000901626439436e-01
7.146784331266028967e-02
3.651444064084061192e-01
-1.128601180015260524e-01
2.725394825996268686e-02
-7.450058754396642058e-02
9.627292180752111683e-02
8.104800541161716332e-01
8.337775444371617883e-01
1.403079573132967779e-02
-3.313606671068806686e-01
-5.517617086810045618e-02
2.784690926851658005e-02
8.705976959440813179e-01
8.101507559448665186e-01
7.817328262489956492e-01
1.266711852850906928e-01
1.079169593772645180e-01
1.257618319518599703e-01
7.418015676422878846e-02
3.605624283535208141e-02
-2.728662260273149731e-01
-2.964082186145410858e-01
-3.196505214696777619e-01
-3.159070299456753078e-02
-1.635120341511268061e-01
-8.103607276238518065e-01
-1.338294880048136737e-01
-1.488903999606233930e-01
-2.197128688450632472e-01
-2.366135963630608130e-01
8.822578804458808266e-02
2.043241274406450425e-01
-7.186548318711102334e-01
5.403328897080462712e-01
9.999999999998573363e-01
-1.923802076884562340e-01
9.999999999995173861e-01
2.193670067759679043e-01
-4.810614610711760192e-02
4.644838904359606113e-01
-1.399651011829508296e-01
1.661211560773776796e-01
4.812564527069329579e-01
2.582741429865975658e-01
-5.681085513129544573e-01
5.954119837432250151e-01
1.266973081089009245e-01
-5.672367241953235606e-02
-6.170188039955037951e-01
-7.088576720478754201e-01
4.809804139963344549e-01
6.115506023285810500e-01
4.414138673667853952e-01
-3.913185609438042389e-01
-8.413291189929071878e-01
-6.626283717558953956e-01
4.739055953729398585e-01
3.749976295377528412e-01
7.157987333162835197e-01
-8.971861241918406560e-02
-1.648804051060694109e-01
1.000000000000000000e+00
4.846184658201234674e-01
-7.033325718449592312e-01
1.000000000000000000e+00
3.830197752660630117e-01
-1.483237355293833340e-02
-5.994852478478867042e-01
-2.697016928000628422e-01
3.840904749696682496e-01
-1.946230944700075016e-01
9.084695147738704180e-02
9.673427015498444748e-01
-3.427121400301819665e-01
8.393540682587089519e-01
8.870300710779062126e-01
9.969139104796290729e-01
9.335648808576043622e-01
1.000000000000000000e+00
6.520568739071573860e-01
7.098186170719054111e-01
1.000000000000000000e+00
1.000000000000000000e+00
1.000000000000000000e+00
-1.537979678721047849e-01
3.372614409088870585e-02
7.205075697953775560e-01
2.397313445784631236e-01
4.599232959116097974e-01
4.926940188522619946e-01
2.863632953786818258e-01
-3.323633533481362146e-01
-4.774553564804497885e-01
-4.916349751442426474e-01
-4.137488590821302159e-01
2.923926535066141419e-01
5.277717320709429671e-01
4.482596301388299120e-01
3.199310034794574098e-01
7.818558649472814315e-01
3.758296526756068068e-01
2.076473401894324833e-01
1.210087918493541609e-01
-4.390579575539208523e-01
2.801230523692450625e-01
3.074383037201748325e-01
2.745223563786382548e-01
2.590755382640426152e-01
3.632693223182772435e-01
2.958093538382468579e-01
2.991480836177639047e-01
2.784380866418788569e-01
-8.457491845728537516e-02
-2.929057873066980289e-01
-3.158488693152887716e-01
-3.488474546891434103e-01
1.165173770591341196e-01
3.549268658374383767e-01
2.335437471828245015e-01
3.188292698392116153e-01
3.041073908100199175e-01
-2.478254860058744513e-01
3.201354530123075026e-01
7.791979473544100032e-02
-4.346023822444473050e-01
