-3.059563106270388744e-01
0.000000000000000000e+00
7.093421988632014896e-01
9.999986085318077755e-01
1.114708718043836005e-01
1.304025944401153436e-01
0.000000000000000000e+00
3.642918673433120258e+00
-4.309939674025948242e-01
-5.649237923460729421e-02
-6.554167579274965127e-02
-4.428068449489679370e-01
3.151763983694034765e-01
3.620729541008983476e-01
3.507489687937289657e-01
3.475379154742522791e-01
-1.883003569277525713e-01
1.688696585772407055e-01
8.907323684391616272e-03
7.401604528295455121e-03
5.607597236477808167e-01
6.776916793311494880e-01
9.098664145789072677e-01
4.071119390747364175e-01
-7.534699607192446580e-02
3.608775127664027443e-02
6.001647181163149991e-02
4.420850933137299155e-01
3.705520111408864281e-01
-3.900303242859811115e-01
1.638040946673125775e-01
-3.974789752152719235e-01
2.560572636063284876e-02
1.155329591501080416e-01
1.797423720800367664e-01
1.417794398223101357e-04
-2.412051631376892491e-01
1.519468447146986312e-01
-3.470872258037507874e-01
-1.450210175511873652e-02
6.381621012762516143e-01
-5.848042709813635609e-01
-4.921962834771496653e-01
3.229609969612296655e-02
1.404546321878934190e-01
-3.957573327369194871e-01
1.599772347978759002e-01
1.651849667578197955e-01
4.417249087911074845e-01
4.973902905821446785e-01
4.887132516322286735e-01
3.443672188523521083e-01
4.127023815193191503e-01
2.307138119852350511e-01
3.620284829571422391e-01
1.020192371669923909e-01
3.013361246029757842e-02
-6.959772614336191543e-01
-3.554288267488354691e-01
1.881573026316794295e-01
9.388427170636327868e-02
1.341094506877464620e-01
8.216094747733800052e-02
-3.970705063389818879e-01
-2.770417131469775085e-01
1.350704717299916757e-01
6.162397685813526538e-01
-4.987832546969481196e-02
-4.031509804177461076e-01
8.255976731428360527e-02
2.305933117774987828e-01
7.332513377658048670e-01
9.900876299045183737e-01
1.000000000000000000e+00
7.174149082721860415e-02
6.008566257403243766e-02
8.493104448871626952e-03
1.930443331805284379e-01
2.547600976270211204e-01
-9.440104669467737353e-02
-1.262753300422515268e-01
-1.448941499246443609e-01
2.101489343175726165e-01
-4.265737244003833806e-02
-4.252149376752681897e-01
-6.333174514571414393e-02
1.638461808961511057e-01
2.310263368591849442e-01
-1.822936829368484168e-01
6.515874357390480931e-01
8.322265552881530359e-02
-5.233357485774586815e-01
5.583028602517785960e-03
2.775879761944674007e-01
-6.817939535154780017e-01
-8.917244303652607784e-02
1.877283885562656407e-01
2.993157463335354151e-01
-4.599032856758963894e-02
4.543684179895672581e-02
-1.990082702698194039e-01
-1.662480357533067110e-01
-5.358882598234643302e-01
-9.558195040031014500e-01
2.644637014795599983e-01
-2.841735358225703709e-02
-2.630415680359678848e-03
-5.109530615308375268e-01
-1.000000000000000000e+00
6.153017739250092877e-01
-1.033221095391505251e-01
-1.529261349307106110e-01
-4.276994751240823511e-01
-5.659896775578534545e-01
-7.446428215944759232e-01
-4.401593723069313624e-01
-3.030270934376087522e-01
1.150546685871125796e-01
-2.963016578836062953e-01
3.370303188127957150e-02
9.954428042285686784e-01
1.969269861793115362e-01
-5.972773494083516432e-01
8.324815906582345715e-01
-4.296867255740706437e-02
-9.870085671490906598e-02
-4.262673739384433280e-01
1.181428336808392765e-01
5.664700018916718482e-01
-4.965482369730080808e-02
-5.907006880940848248e-01
4.989344144273014092e-01
-1.593324008899967836e-01
6.555146930999706800e-01
9.691624291491122145e-01
9.135793977620167983e-01
6.959985206214172049e-01
1.451644655580627552e-01
-7.155553458421572977e-01
-4.784775781306326303e-01
-2.240415195341308452e-01
5.917585817733677089e-01
1.000000000000000000e+00
-1.067488191813173587e-01
-9.062578756101280497e-02
1.571441584314142159e-01
-7.619073261572829880e-02
3.707399431398619716e-01
3.118295960103819042e-01
2.601760962913263198e-01
-2.795564912053637996e-01
-3.331537002842711037e-01
-3.423534954094215599e-01
-6.778466704341294669e-02
2.580463097422025509e-01
2.582805304548416170e-01
2.694154535540705386e-01
1.969438827045615348e-01
4.042725889918336590e-01
7.526099638537100955e-02
4.448230905759073539e-02
4.131912532384119929e-01
-7.233241857293515320e-01
-1.512559903537448458e-01
4.571632090628171552e-01
-1.552272805651853105e-01
-2.102171267327714588e-01
2.719060958435438047e-01
3.390960066542925144e-01
3.352544304007168408e-01
1.558040399152127164e-01
-4.382598732281567933e-01
-3.693291067237693404e-01
-2.641350855813441867e-01
-3.874706247687580429e-01
8.808230539525697955e-02
1.214207998122670829e-01
5.107059769945371253e-01
5.586582672103561631e-01
5.276701257529806677e-01
5.556348550556586829e-01
3.934192189167362019e-01
3.682235986354072677e-01
-1.832855137078473196e-01
