-3.932570449507525323e-01
7.903770389331662427e-01
7.665101945605010680e-01
7.394949121236927825e-01
9.914265318261216153e-01
1.005619815214632146e-01
0.000000000000000000e+00
8.645386472973570768e-01
-3.639705901155194934e-02
-2.712294716864895039e-02
-4.151730970839855733e-02
6.104670675802893742e-02
4.213444351078692029e-02
4.214882505552808994e-02
2.965988200374053852e-03
-4.663971595402048587e-02
6.142467093697308311e-02
5.644838283914434957e-02
-3.850182397883829960e-02
-5.591112765261723599e-02
8.327762277942121413e-03
4.921347230582781007e-01
2.581748818356209840e-01
-2.696918984541547548e-01
-7.772100200365186784e-02
-2.930470269397021932e-01
4.288759945561688713e-01
6.210294074278911447e-01
5.804857676000779731e-01
5.969978893935140585e-01
6.086474702268044323e-01
6.273537116423574256e-01
-9.203316185886148970e-01
-4.351954071987630401e-01
-7.278977606489675511e-02
9.996119089255371959e-01
6.232532059022527493e-01
-2.229860890264697137e-01
1.303076439095626204e-01
6.692013827680243221e-01
3.913288987026400378e-01
-2.514387236523921709e-01
-7.751879957750431593e-01
-6.562921122848269784e-01
-9.759238217612736799e-02
9.029430626540312366e-01
9.361074411089370662e-01
8.278902992501329106e-01
-2.888123056744086870e-01
6.925193399941215189e-01
9.998677973274870956e-01
-4.980101499807276788e-01
-6.352434373675672763e-01
-9.903733208733999094e-01
7.756799317440344899e-01
3.038831523978577920e-01
1.119359847898815236e-01
6.165981333328923730e-01
5.598165962314904931e-01
9.886825489566063441e-01
-1.000000000000000000e+00
-6.450381588769925345e-02
3.564235193853004802e-02
1.000000000000000000e+00
8.898494521334675555e-01
3.338490997074892996e-02
7.702185969901473861e-01
6.578464853714466321e-02
-1.458080621167266722e-01
6.573679161385781455e-02
1.032438365037113004e-01
2.330380774964043999e-01
-1.004961159104809931e-02
3.679920984848510379e-01
8.850450674199367151e-02
1.956517865954060173e-02
8.638109154606173068e-02
-3.013747987707596915e-02
1.000000000000000000e+00
1.881455554651798590e-01
2.652176728193649247e-01
4.089991038038737203e-01
-3.551600724638111217e-02
-9.080259231778900139e-03
-5.618068598671257900e-03
-2.588638650686538815e-04
1.371055611146956843e-01
-2.631525751026805859e-02
4.350256114791534179e-02
-1.963866921759595541e-01
-2.882842604684517918e-01
-1.952682644346635243e-01
-2.829666659421140595e-01
8.405677779048071896e-01
8.027908325711525794e-01
-7.601708262818309692e-01
-7.061236093355877097e-01
-6.291514901703216811e-01
-6.560807763405389625e-01
-7.858431224598797504e-01
9.268774875245782141e-01
9.921527517658812467e-01
3.617251482653626171e-01
-3.720511061685715659e-01
-7.343299320568283939e-01
2.901813410642169466e-01
-1.103486049810339514e-01
1.816426296223145054e-01
7.506594328535642902e-01
5.740579398721478155e-01
9.994626456398940650e-01
9.953718277881535847e-01
2.494174120446219223e-01
-8.746867166506305802e-01
-9.165515184915514757e-01
5.335504280066145216e-02
4.560827842279639999e-01
5.689900671367075224e-01
1.000000000000000000e+00
5.782909953142872928e-01
6.096055212258839617e-01
5.660840681213659131e-01
2.618377968287859403e-01
-6.617032359099185579e-02
-8.283861026607440559e-02
2.690423766804059258e-01
-8.811266430252943926e-02
3.942051563373327044e-02
3.703787723502894313e-01
3.473440621973141185e-01
-2.389364757268674089e-01
3.240399339905295495e-01
4.571604303308587358e-01
-7.234030041358170682e-02
3.901426756364214515e-02
4.035803791841451743e-02
3.785938030230847490e-02
2.928996473817078658e-02
