-5.740045829870883409e-01
7.938849226557660455e-01
7.422654957133930642e-01
7.011048673778030871e-01
9.999999999996158628e-01
4.280786219706643470e-02
7.162558315568413490e-04
1.165132668805896499e+00
6.811896847178566805e-01
6.164371544180324847e-01
9.457027739768392172e-01
9.401114267869647989e-01
-5.960338029896555812e-01
-8.081716927841952058e-01
-2.432908567702414815e-01
-7.283809284901389125e-01
-5.020407909993638285e-01
-9.118139311865000041e-01
5.614692793314465247e-01
1.161762523346102430e-02
1.191989489587210183e-01
3.958338863161491306e-01
1.000000000000000000e+00
3.659033667389300359e-01
6.364915098903557444e-01
2.673285967441554889e-01
7.140207739349671012e-01
1.219169918768738259e-01
9.417149306408714726e-02
2.038557958612623733e-01
3.498348237091220003e-01
9.194436339779689105e-01
1.000000000000000000e+00
1.000000000000000000e+00
-1.000000000000000000e+00
-1.000000000000000000e+00
-7.060084112692041058e-01
4.967576203083662323e-01
7.499745597488477467e-01
9.999648216410411683e-01
9.994720122695895936e-01
8.173900132379521288e-01
9.979174660878125103e-01
1.000000000000000000e+00
6.422088747918232032e-01
6.334732465201265983e-01
1.000000000000000000e+00
8.526121255969711932e-01
-2.947930767034573352e-01
6.936821743179466537e-01
1.000000000000000000e+00
-3.699469165203770893e-01
5.263330267763807191e-01
-1.000000000000000000e+00
9.993640081439638667e-01
1.000000000000000000e+00
1.000000000000000000e+00
1.000000000000000000e+00
1.000000000000000000e+00
1.000000000000000000e+00
-1.000000000000000000e+00
-6.290877254772117011e-01
1.000000000000000000e+00
1.000000000000000000e+00
-2.916692410167097682e-01
-6.355067690016739101e-01
6.150668568318811147e-01
1.000000000000000000e+00
1.000000000000000000e+00
1.000000000000000000e+00
1.000000000000000000e+00
1.000000000000000000e+00
5.266277610125433828e-01
4.688765987019530845e-01
1.000000000000000000e+00
9.042940150366817198e-01
7.113559351402167774e-01
-9.689863803206554271e-01
1.000000000000000000e+00
1.000000000000000000e+00
1.000000000000000000e+00
1.000000000000000000e+00
-5.770520781180729086e-01
-4.382676068500427902e-01
-3.618992917735606163e-01
-4.215259441213452529e-01
-2.152481934437293354e-01
-7.790339310661698047e-01
-6.419590391121690054e-01
-1.000000000000000000e+00
-1.000000000000000000e+00
1.000000000000000000e+00
1.000000000000000000e+00
5.731712803377063681e-01
5.605368835058867072e-01
1.591283207868465777e-01
-2.187281657361822840e-01
-3.004259348574763178e-01
-4.317683905189194649e-01
-9.429240899715735091e-01
1.000000000000000000e+00
1.000000000000000000e+00
-7.805065450160834084e-01
-9.996963579886926077e-01
-2.053987398694828714e-02
8.633714457386686414e-01
9.828341353094228738e-01
1.000000000000000000e+00
9.579353672895385419e-01
9.963297350726002533e-01
1.000000000000000000e+00
1.000000000000000000e+00
1.000000000000000000e+00
1.000000000000000000e+00
1.000000000000000000e+00
-2.854089722220617409e-01
-2.034927403276534374e-01
-6.585229201836125812e-01
1.000000000000000000e+00
9.650708889412987768e-01
9.635194742799050305e-01
1.223741259580992391e-01
9.741703739691287556e-01
-9.250940997920219511e-01
-1.000000000000000000e+00
-8.476817526142572667e-01
-1.000000000000000000e+00
-5.700304563688343151e-01
9.991057510598715385e-01
2.238764751444271006e-01
-9.999310053434538048e-01
-9.651709387549534114e-01
1.000000000000000000e+00
9.962293292832126168e-01
-1.000000000000000000e+00
-1.000000000000000000e+00
-3.560782513785326620e-01
6.169453047240421040e-02
