-1.690797990110139315e+00
3.780909031432026612e+00
1.000000000000000000e+00
8.908759782270346816e-01
9.999999999999999547e-07
9.999999999999999547e-07
4.306917744312180850e-03
8.626875697994657033e-01
-9.978814252492600456e-01
-7.201195204395161031e-01
-2.612717418550817294e-01
-8.310309426243203124e-01
-9.999991100618871309e-01
-8.021766985156643104e-01
2.067293522836028963e-01
-4.764953159012172423e-01
-9.951836537392921844e-01
-9.653819807725597668e-01
-6.997273517898396911e-01
6.514728070356338163e-01
-6.007941705862408499e-01
-8.501804090951239345e-01
9.985913102499387461e-01
9.827868553125134188e-01
5.843879146515739142e-01
-1.000000000000000000e+00
-1.000000000000000000e+00
7.103180020634429770e-01
-3.767632564869461409e-01
9.992051289060979169e-01
9.770965001175224707e-01
9.994255514485037573e-01
-9.822359100764176398e-01
-1.000000000000000000e+00
3.994356464273760010e-01
6.336073583694149525e-01
-9.920754457400983162e-01
-1.468053491973609070e-01
-1.000000000000000000e+00
-6.795955346347346548e-01
-6.308530234078505439e-01
1.000000000000000000e+00
8.839524891324664901e-01
-4.216659198266831110e-01
-8.580620858944639773e-01
-9.896694511631929370e-01
9.957458310800155754e-01
1.126312046668887373e-01
-1.000000000000000000e+00
8.858377789701920024e-01
-9.930493960575784707e-01
-8.252129844269687764e-01
-8.449072637440394606e-01
-7.683433386540158283e-01
-5.779063549559776414e-01
3.639937826400940213e-01
-1.000000000000000000e+00
-9.996633195509463388e-01
1.000000000000000000e+00
1.000000000000000000e+00
1.000000000000000000e+00
1.020453872991909788e-01
1.000000000000000000e+00
1.000000000000000000e+00
-4.865826945705405415e-01
-9.981392926717085334e-01
-9.987804818306695864e-01
-9.977892496801801236e-01
-1.000000000000000000e+00
-9.780064499474439010e-01
-6.950993631081688884e-01
9.908312154354529389e-01
-8.827290708069320813e-01
7.855793321009115759e-01
-5.222891762404753280e-01
1.000000000000000000e+00
-1.000000000000000000e+00
-1.000000000000000000e+00
7.429316321770372822e-01
-9.884213354598492263e-01
5.086318987478421344e-03
1.000000000000000000e+00
9.085351346502533731e-01
-2.187404425687974607e-01
1.138677903295121085e-01
-1.257611947295284305e-01
-2.996219925417882846e-01
1.095962489293844655e-01
1.407178102045757162e-01
-8.572304340848195814e-01
5.157138107189224163e-01
1.000000000000000000e+00
1.000000000000000000e+00
9.871501918453695623e-01
-1.000000000000000000e+00
-6.933337062870605916e-01
-6.768398058475152412e-01
-4.952082666081357165e-01
1.035044640437960545e-02
9.332294227225514938e-01
9.986274158799188783e-01
1.000000000000000000e+00
-9.989468986015863639e-01
-8.619661010090470254e-01
1.000000000000000000e+00
-3.055230388040489631e-01
-3.049404131192669509e-01
8.086782931292617604e-01
-1.000000000000000000e+00
1.000000000000000000e+00
-6.681633556968676058e-02
4.664568957421163509e-01
8.742780102390987906e-01
-1.000000000000000000e+00
7.892993723232804015e-01
-1.000000000000000000e+00
-9.996473977367448249e-01
7.239478052355703408e-01
1.000000000000000000e+00
-1.880108567296521691e-02
-3.616034527569808033e-01
1.000000000000000000e+00
1.000000000000000000e+00
1.000000000000000000e+00
1.372132973009102253e-01
1.863097716807816939e-02
5.605117901640309652e-01
-9.242987090053690347e-01
-5.363037534467768319e-01
-1.000000000000000000e+00
8.260566606172926596e-01
-3.391151577535923139e-02
6.844490506656839002e-02
-3.290385988017899277e-02
2.960326596358291984e-01
2.829279737889351387e-01
-1.975485189389961094e-02
3.397128616012055069e-01
-1.390416015357650789e-02
-2.206666397377972377e-01
-4.214662027570117986e-01
9.381059199902862522e-01
5.062912409858377760e-01
-1.000000000000000000e+00
8.841828177246328080e-01
8.042451834086044027e-01
-9.600281532016673447e-01
-1.000000000000000000e+00
-9.614274777367965985e-01
-2.868197293016022664e-01
-1.000000000000000000e+00
1.000000000000000000e+00
2.175866833381840393e-01
-5.146020481130142432e-01
-9.998506468121292068e-01
-3.019696427090669544e-01
-4.009339603084079995e-01
-6.330822142921896378e-02
-2.467923917372419618e-01
9.009151701470320406e-01
1.000000000000000000e+00
1.000000000000000000e+00
1.172828016232438514e-01
5.533209576797263468e-02
-4.528565113402793219e-01
-3.815934103892328344e-01
-3.204390688324138536e-01
-2.426029018294570405e-03
-3.568860353010295805e-01
9.427200719093357106e-01
1.000000000000000000e+00
1.608804942527884418e-01
2.683653074882200174e-01
2.817599578410137640e-01
-4.086951020927986900e-01
-2.447927828082435142e-01
1.000000000000000000e+00
1.000000000000000000e+00
