-2.503895584000844776e-01
0.000000000000000000e+00
7.093154238660596134e-01
9.999966654228045204e-01
1.114551888366180632e-01
1.303994728938003556e-01
0.000000000000000000e+00
2.263489909944585321e+00
-3.808366268594868820e-01
4.987201215080902528e-02
4.345012004941027628e-02
-3.885942460646302776e-01
3.330905509357087180e-01
3.880099855568321932e-01
3.713068305898095112e-01
3.722946430584961885e-01
-2.185084526584872566e-01
1.761759761470822749e-01
3.787508211463037205e-02
3.608849058802932053e-02
4.899402986354258749e-01
6.232358609063950450e-01
6.945308374482528357e-01
2.945077451894938525e-01
1.907105450757696774e-01
1.537242101425098095e-01
2.043291408188727953e-01
3.249296390856114547e-01
1.964232889639165591e-01
-8.925652153070714467e-01
-5.760091680924066954e-02
-2.794812679180282422e-01
8.366239530416025305e-02
1.526991364961872814e-02
2.626263150812120362e-01
1.492143126239443840e-01
1.143733934984686729e-01
7.601414832022421186e-02
-1.881119535047079405e-01
2.061615496702612627e-01
7.371366647053338994e-01
-2.867787482978933489e-01
-5.045399966540541348e-01
3.410918681141982267e-01
3.944208014088720349e-01
-4.248520115853784418e-01
5.425060868621674366e-03
1.290924887705264396e-02
2.648492957597307074e-01
6.296117713820985617e-01
6.349855219825371044e-01
2.520417769942743802e-01
1.967410618373653108e-01
1.449756756285677968e-02
4.509631014443123975e-01
-2.469679887765215687e-01
-4.529323366435816234e-01
-8.222161980226841971e-01
-3.837873155557063876e-01
7.216977323274324785e-02
3.546630433417286565e-01
-1.218147723057788206e-01
-8.842827780334202789e-03
-1.549405215637781608e-01
-1.177894326362583996e-02
5.487181373176516219e-01
9.504327257444259436e-01
8.144883274160009956e-02
-2.238947573983716688e-01
-1.667613322842397272e-01
2.629141864225688005e-02
7.187871188871364225e-01
9.714850761654583167e-01
7.927213124868369709e-01
1.585868984257934600e-01
6.998235812277288359e-02
7.414893213714450482e-02
1.825838953930044306e-01
1.319764546186484588e-01
-2.280039796547914943e-01
-2.228264821394946860e-01
-2.392952600170367150e-01
1.585925872085588439e-01
-4.481708901916307830e-02
-5.454674564826511585e-01
-8.289687852874770557e-02
-7.655701505268616702e-02
-1.638565220479828999e-01
-2.073366750522712965e-01
3.082686277470061409e-01
1.810014541217172257e-01
-4.277258375123454970e-01
1.883140215357223535e-01
5.653548752718007275e-01
-2.996199234693965319e-01
3.990210227991836112e-01
9.370974321591878098e-02
1.014155676644256515e-01
2.042162060292762593e-01
5.874575549107496908e-02
-8.130497014112718357e-02
2.891172074189353181e-01
3.058174555204503098e-01
-1.394304027692299663e-01
6.049926826856849571e-01
9.949413868213762002e-02
-1.701150865569563686e-01
-4.462558436835573072e-01
-5.742599373036763044e-01
6.862761183754977345e-01
2.982388086287126594e-01
4.616402709276032912e-01
-3.023482458581837062e-01
-7.350219459312414827e-01
-5.628118924733435113e-01
1.541378793247327461e-01
1.414123675360078325e-01
4.804363118306744229e-01
-2.050961488858756288e-01
-2.035572940146156973e-01
9.999930792220569353e-01
5.559414391018712154e-01
-1.284502407457286388e-01
5.365585592708095319e-01
3.347373901718539435e-01
2.035753056610536127e-01
-2.374653349986944328e-01
4.151623719251795741e-02
2.966382094447006686e-03
-6.710879000799020722e-02
1.603979593185643135e-02
7.779548145656176583e-01
-2.646129925621559242e-01
3.235980104288794790e-01
6.000780621967587436e-01
9.990388646416578089e-01
9.662752113141724886e-01
9.059822356928384224e-01
7.614146316928309677e-01
5.120041290139597523e-01
6.909538005662261284e-01
1.000000000000000000e+00
1.000000000000000000e+00
-2.088635663805302189e-01
1.172368277609520809e-01
2.859315445760794994e-01
8.771037741459250525e-02
2.658333477225337527e-01
2.797089831455487619e-01
3.204054221804336078e-01
-2.425401076966775260e-01
-2.623942680043466202e-01
-2.640099619352274662e-01
-2.044416658063248904e-01
3.258090997899646957e-01
2.913509082822546281e-01
2.563089142571187695e-01
2.325800696910912679e-01
3.346727789035155443e-01
1.829815596665453348e-01
9.178570037678773774e-02
2.568100243257782078e-01
-3.108760726852590750e-01
1.462464374977406056e-01
1.652870329315134224e-01
1.426314014112023409e-01
1.372064421145778867e-01
2.063918622863238350e-01
2.006734974544795436e-01
1.995679369607139819e-01
1.509354582105891240e-01
-1.551959420041382487e-01
-1.622550118438810807e-01
-1.647424057165371714e-01
-1.908853863087837943e-01
4.432820137305745062e-02
2.337265578543289701e-01
1.275075881838107217e-01
2.138017937463738971e-01
2.058970980157838748e-01
-2.189073414772235715e-01
1.644202981725087220e-01
1.793759672343378797e-01
-2.594150400338260942e-01
