-2.503895584000844776e-01
0.000000000000000000e+00
7.093154238660596134e-01
9.999966654228045204e-01
1.114551888366180632e-01
1.303994728938003556e-01
0.000000000000000000e+00
2.263489909944585321e+00
-4.209181547266993006e-01
-2.912686925785851547e-02
-3.557636687505019712e-02
-4.291495469153738807e-01
3.766275425731770987e-01
4.344817981008002317e-01
4.290178184230853953e-01
4.277500153146221451e-01
-1.959179410287871514e-01
1.599850290142883491e-01
-4.468068429514705092e-02
-4.559940900005116787e-02
4.967392703178163393e-01
5.868255560049784325e-01
7.153030507858667564e-01
3.430263565786859647e-01
8.067411768060067656e-02
1.456286903059697546e-01
2.005464907279998765e-01
3.811679663112353955e-01
2.499459145551186090e-01
-4.561989307101561031e-01
1.149019131845674946e-01
-3.845627752770621188e-01
-1.003634574804097707e-01
-9.617034362613313681e-02
-7.797116660050021353e-02
8.144999900398955037e-03
9.839926282200957275e-02
-2.145140417611470229e-01
-2.347783315916917857e-01
1.595571240120758905e-01
7.634359186477568393e-01
-4.635119916554491515e-01
-6.293679327631561682e-01
3.430155624552523319e-01
3.062274271254953328e-01
-1.403514175217253357e-01
-8.615657808172584933e-03
4.886147861221819960e-02
2.747026214306075298e-01
7.139064729430474321e-01
7.128777609566230300e-01
3.002834349247015533e-01
3.430660829261795164e-01
1.494144728634241304e-01
5.869698402493055411e-01
-2.309937863338753783e-01
-6.207945395633488461e-01
-1.000000000000000000e+00
-3.332057835934246204e-01
9.773927617416743041e-02
5.745781957303647269e-01
-3.522575216803989356e-02
-7.061601389854295363e-02
-4.620722116540906255e-01
-3.676969777137040762e-01
1.293212263100541881e-01
8.097328526203105836e-01
9.314361923094698070e-02
-2.092494194774494332e-01
-5.819444456343584454e-04
-1.238993231570448966e-01
4.811330067568479474e-01
9.447121880225748392e-01
9.650119304185130753e-01
2.676747037800531470e-01
7.352848761776693831e-02
9.821411074073875883e-03
1.621246316684887834e-01
1.302534227342857509e-01
-9.758418278283534364e-02
-9.903331354701765121e-02
-9.840233419357216627e-02
1.967805056591221124e-01
-2.676304384052292581e-02
-4.641224304894386310e-01
-9.405968008960277627e-02
-3.248720105791646356e-02
-8.804257572183329938e-02
-2.836613883308062301e-01
-8.489203233579223351e-02
1.809293393956251661e-01
3.650800889981694469e-02
2.057875881552124198e-01
2.838887422835716379e-01
-7.565016347997332025e-01
-2.663790579433095718e-01
1.338364938212507904e-01
5.777584145154209816e-01
-4.995762603456483930e-01
-7.497952543792070490e-02
-1.460765077178208249e-01
-4.111804424017275611e-02
-2.117847209906421058e-01
-5.166985017626858356e-01
2.461150096551101285e-01
8.908657791623769695e-02
2.197819315518146494e-02
-3.384695928041225321e-01
-4.088258924262863636e-01
4.285164684169709970e-01
2.733050140407328743e-01
2.435153415584276060e-01
-4.003535700197167757e-01
-6.232256732555422341e-01
-5.738385032277779629e-01
-2.124776416246535460e-01
-2.259341103294844333e-01
2.784148892918701657e-02
-2.362042723978922121e-01
-1.782606484174229233e-01
9.943851692298598666e-01
4.125649456233752566e-01
-6.801840037189714472e-02
5.821407455502891626e-01
1.086172368191471171e-01
-2.928094628969197810e-01
-8.982136428222610158e-01
-3.902780268883304648e-01
1.025480645833967280e-01
-2.147414899907313102e-01
-2.088042671994198296e-01
6.751169796516365285e-01
-9.296836333858495005e-02
2.178815255134710915e-01
4.251849012453365328e-01
1.000000000000000000e+00
1.000000000000000000e+00
7.023490105395775451e-01
-2.170839877278125107e-01
-1.947092598269916930e-01
1.294765224321987318e-01
8.545206346397269392e-01
1.000000000000000000e+00
-2.031756445958931290e-01
1.177243006084376237e-01
2.363109527489780648e-01
-2.101033189373936044e-02
2.359122574012877394e-01
2.327704321621306138e-01
3.425318249822204564e-01
-2.153881164071298482e-01
-2.344560442448150317e-01
-2.362858474150914545e-01
-1.822709910993453031e-01
3.535756770793612724e-01
2.459134224120313739e-01
2.248843678354054965e-01
1.986895041771115644e-01
2.769506996814523614e-01
1.542174617469481146e-01
1.309363380132982646e-01
2.266963590494368019e-01
-2.717112107291814183e-01
1.554233285834304978e-01
1.860515132810867112e-01
1.479464455635359776e-01
1.492930084415186598e-01
1.938585938425931299e-01
2.075307721641762027e-01
2.072459907273402069e-01
1.723612338425853097e-01
-1.873721353950130453e-01
-1.911779181538910688e-01
-1.919967561067459638e-01
-1.936184575816582154e-01
6.519711992261760514e-02
2.187288520401537706e-01
1.671524150073151471e-01
2.268784101110185580e-01
2.073654962105509203e-01
-1.819900355405766890e-01
1.746756689495099768e-01
1.958504711327939685e-01
-1.991320107437110076e-01
