-1.037512698378749709e-01
2.335578106945032095e-01
1.000000000000000000e+00
6.676035653849888840e-01
3.483937578107328958e-01
2.194563236318037777e-02
5.020484165054006458e-04
5.619814866680888921e-01
-7.149338307865703568e-01
-1.674216508153771044e-01
-3.086904144822069651e-01
9.415272968173338253e-01
-9.364938978347373544e-01
-8.655316381855837626e-01
5.725783065596313781e-01
5.345047287622211041e-01
4.960556761151803662e-01
-8.663095452933502472e-01
-3.783364405780116346e-01
9.845762783725111600e-01
9.214919454169874236e-01
1.000000000000000000e+00
8.624906625584678466e-01
-7.102541149906773654e-01
-1.000000000000000000e+00
-1.303802518362075780e-01
-1.000000000000000000e+00
1.485228038537982076e-01
9.753444637376394999e-01
9.972913487534990074e-01
1.346615410868161056e-01
1.000000000000000000e+00
1.061611400614460715e-01
-1.533078843059956231e-01
1.000000000000000000e+00
-1.000000000000000000e+00
-1.000000000000000000e+00
-1.000000000000000000e+00
-4.332342484863679344e-01
7.039182912883150747e-03
3.213071890869937941e-01
1.000000000000000000e+00
-2.870146340863996559e-01
-8.315600916488519179e-01
9.560021353325600657e-01
-9.063115902160229220e-01
-2.815668639240526683e-01
9.808278669710829289e-01
1.000000000000000000e+00
-9.946416422836958926e-01
-1.745907286228279010e-01
-1.000000000000000000e+00
1.000000000000000000e+00
-1.000000000000000000e+00
-3.876423843703586392e-01
1.000000000000000000e+00
-8.306901811970085481e-01
-3.895419673822005935e-01
-7.665716965708450070e-01
-2.551300052560293019e-01
-1.000000000000000000e+00
-9.623879988998546020e-01
-8.478321661236672968e-01
-3.687858202001296770e-01
1.000000000000000000e+00
1.000000000000000000e+00
-8.872646301149142434e-02
-9.982808457301347582e-01
-5.704315506499185728e-01
-3.771115588038746469e-01
-1.000000000000000000e+00
-1.000000000000000000e+00
1.732904648870882136e-01
1.000000000000000000e+00
1.000000000000000000e+00
1.000000000000000000e+00
-9.994424954581103693e-01
-2.346041941429563293e-01
-9.999831145217091821e-01
-7.930609259764266339e-01
-3.780537419176699387e-01
1.208509923166363048e-01
2.893690386784252278e-01
1.000000000000000000e+00
-1.000000000000000000e+00
-8.100947389922156239e-01
-6.909511928022137317e-01
-7.716845231103817149e-01
-9.736490123785558337e-01
-7.233602466559189148e-01
-9.906090828581435304e-01
-2.526581688918103086e-02
8.910589450764105912e-02
1.945316228689459581e-01
-5.077151572479223773e-01
-6.484042379492114261e-01
2.511251537720265992e-01
9.681750036020738692e-01
-7.701417635560883213e-01
-1.000000000000000000e+00
-1.000000000000000000e+00
-3.918750458374409273e-01
-8.896162372181088962e-01
-1.000000000000000000e+00
-1.000000000000000000e+00
-9.560227230733951975e-01
-9.977071984206571376e-01
-3.745947597746353552e-01
-4.826116911237577911e-01
4.345978240842898188e-01
9.953542091704185024e-01
-1.000000000000000000e+00
9.409232019853026596e-01
-7.900408408073570365e-01
-1.312209070580673820e-01
1.000000000000000000e+00
6.624306427288227939e-01
8.620496730161366639e-01
-9.755271561039363659e-01
-2.320924110293821896e-01
-9.930044256266506997e-01
-9.955955919920556063e-01
-4.831219928332243785e-01
-1.781791978027773560e-01
-9.063593761293664564e-02
-9.985350286775223072e-01
-2.861035387917639783e-01
1.000000000000000000e+00
6.320756827776407016e-01
-4.661542764683905896e-03
-6.901821706811314128e-01
-9.944124988729746706e-01
-5.034583631775252366e-01
-6.346818500069335567e-01
4.079825553099258317e-01
-8.667901490027674072e-01
-1.000000000000000000e+00
6.138116960423811719e-02
4.222914918619137536e-02
-7.598051070633085602e-02
1.000000000000000000e+00
9.956909754419532854e-01
-2.399372232140220551e-02
-3.167362691247784245e-01
-1.000000000000000000e+00
-1.000000000000000000e+00
-1.000000000000000000e+00
-3.170980038246251076e-01
-2.788325368337554178e-01
6.322447953400126552e-01
5.921565564314721364e-01
-4.666780643952899155e-01
-9.065508096135137528e-01
-9.696007449420314117e-01
-8.093148303853165970e-01
-5.124278940412558825e-01
-9.913549064759543672e-01
-4.266397202274229694e-01
3.007985229838823216e-01
6.874457501826708450e-01
3.552147632197431154e-02
2.699379388761125598e-01
8.226187855041455776e-01
-9.780336738595043489e-01
-1.000000000000000000e+00
-1.000000000000000000e+00
-1.000000000000000000e+00
8.066799180465030750e-01
9.796547673145373780e-01
-2.468753420489970263e-01
5.149699096108178997e-01
-4.323789390653652309e-01
-3.826910331388322928e-01
-2.300202806326909211e-01
2.719203828356488994e-01
-3.893409749699047184e-01
1.000000000000000000e+00
2.935139806046662692e-01
-9.268464178908146778e-01
-5.970892907877157763e-01
-1.341236446651545289e-01
9.411468558116718730e-02
4.914912283430908913e-01
-7.834737215644139718e-01
-6.593750619360533305e-01
5.477512136391790021e-01
5.542504428320784715e-01
9.182703898067469117e-01
9.419783079895843736e-01
2.393949703676017948e-01
1.583724405814344316e-01
-1.000000000000000000e+00
-5.779084562231924238e-01
1.000000000000000000e+00
-1.100505466859189388e-02
7.000419441938059428e-01
-2.683572971065379398e-01
-1.000000000000000000e+00
-3.707029212248917904e-01
7.106159017082140927e-01
-7.036276023435507065e-01
-4.031991574425016212e-01
5.331081813972079475e-01
1.000000000000000000e+00
1.000000000000000000e+00
-3.548560146409201477e-01
-7.928742063998130488e-03
-1.000000000000000000e+00
-1.000000000000000000e+00
9.464113599862646886e-01
2.601958194770150334e-01
-5.581770181207361681e-01
-3.472943972111979249e-01
-1.886029305362999786e-01
-1.720370238852545752e-01
-1.000000000000000000e+00
-7.731320766292840707e-01
1.000000000000000000e+00
-3.684295172961776776e-01
-9.998428000272615579e-01
-1.000000000000000000e+00
-4.798951610334680207e-01
-1.294017473093432014e-01
-7.833504397766531679e-02
-7.045630086838687856e-01
-5.571206633446814521e-02
-3.377909992584827714e-01
-9.849994368654248211e-02
-6.163955696978780097e-01
-1.000000000000000000e+00
-7.535786624619948970e-01
-9.532006241514497935e-01
-1.000000000000000000e+00
-3.547933501773495868e-01
7.909659037496262757e-01
-9.134079744387006983e-01
-6.531090133403994261e-03
5.834802262640673698e-01
5.377239824924867628e-01
9.520123869671571759e-01
-1.821164788880912377e-01
5.982752429532348648e-01
5.311752420142691333e-01
-1.845756458872543308e-03
-1.000000000000000000e+00
1.000000000000000000e+00
-9.713792219873045308e-01
-1.000000000000000000e+00
-1.000000000000000000e+00
4.809761716966902134e-01
-2.896951768747577094e-01
2.187713994002895013e-01
-9.974637023924457502e-01
4.460169811538220452e-01
8.623951743481188537e-01
6.366879735868844481e-01
3.730525612260560120e-01
-5.885397147741916468e-03
-2.795290610207785131e-01
-1.882257755315088488e-01
7.050691128612268654e-01
-2.628628021335657206e-01
2.660586046051231779e-02
8.072241282894430103e-01
-1.000000000000000000e+00
-1.000000000000000000e+00
-1.000000000000000000e+00
1.000000000000000000e+00
1.000000000000000000e+00
-1.019853443343877591e-01
-3.733336138580140573e-01
-4.438430628646537479e-01
-5.618531095084881022e-01
-7.679957390301398457e-01
2.627061368544442721e-01
1.000000000000000000e+00
3.346054744974630846e-01
-2.017899400943496679e-01
1.594489027313752139e-01
-4.684236735573926030e-02
-9.966837495620788356e-01
1.602200081263680242e-01
-1.305173247112005261e-02
3.126305926690288728e-01
-8.619367218192777735e-02
6.991291897342089001e-02
-2.848114819907272000e-01
-1.000000000000000000e+00
1.635155105978978530e-03
7.325294919776430547e-01
6.707779687949149139e-01
-8.326098895217767248e-01
-1.224808686707791056e-01
9.198949661065061179e-01
6.862014975910183390e-01
7.619959579294243168e-01
-7.728034392282796539e-01
-4.465939657934414608e-01
9.372719631668079143e-02
-8.880743812907820889e-01
-7.194844947328421503e-01
6.636452185172512230e-01
-2.903579378236563757e-01
9.243288905376954023e-01
-9.300886850153760044e-01
-8.764968423741072989e-01
-4.530918746915884032e-01
-1.000000000000000000e+00
-5.325504098640662098e-01
-4.994520332669871721e-01
-6.242917239584718780e-01
-4.787433356939276852e-01
-5.199660275458269920e-01
2.413606201206939805e-01
-1.455847269822214407e-01
-2.349669262578436280e-01
4.480283173776927752e-01
5.765218116405902427e-01
5.664813868811455766e-01
4.163816482722211831e-01
-9.995764996131749625e-01
3.234613560603760152e-01
-4.696059620932728773e-01
-6.994328630299933014e-01
6.587313311939576588e-01
-1.971654072741277630e-01
-1.394129204089597160e-02
6.313477345900906368e-01
4.432260838928334112e-01
8.381577255654660830e-01
4.720538465210001311e-01
8.466921299997118844e-01
6.633301748997251224e-01
5.325063293433068834e-01
5.140717477951449732e-01
4.344092596206667878e-01
-6.237645175642965167e-01
-9.688691565330147526e-01
-8.872800619196364869e-01
1.514304294906458452e-02
