-7.968996728285211717e-02
2.438117612378077337e-01
9.742327504291439233e-01
5.081777270152479931e-01
3.488012357901347227e-01
4.234120114534461327e-02
3.224163645861562524e-04
5.307041799743709154e-01
2.231528367768627064e-01
-5.125445330508117125e-01
9.301882252015976349e-02
2.798133581752272336e-01
6.504073137055936538e-02
1.406706944740528931e-01
3.909417735944652195e-02
8.213641264208974835e-02
6.029152322735768094e-02
1.147044331949775842e-01
7.718373364268626968e-02
-1.592688460293149588e-01
1.013151880447418635e-01
-1.204197808967666372e-01
-8.723919034685918839e-02
-2.862507007561430061e-01
2.491347386404762498e-01
-9.268531229863542775e-02
-1.594929498057414963e-01
-3.353448838931512022e-01
1.057233720315228914e-01
4.861107708564871288e-01
1.172882934334515681e-01
6.452144786777516128e-01
4.762612724359647776e-01
9.415838889190503158e-02
1.185543983729643730e-01
-2.989785575566417108e-01
-7.838751604569104137e-01
-3.518419611141522241e-01
-1.643236454540365210e-01
4.996284350283861780e-02
9.515766426161351155e-02
4.827862407244669085e-01
2.685861307710415424e-01
3.625979750816268193e-02
8.608330586441266252e-01
-9.401566110091660322e-01
1.579032125164298861e-01
2.127181396267090185e-01
1.995945304977639057e-01
-1.245571736288844100e-01
-1.508677083542329100e-01
-3.291078945850111070e-01
-4.699903030995478126e-02
-3.370446628990227955e-01
1.021086426231466587e-01
1.548585538662011485e-01
-8.006502872159590445e-02
-8.571768433393540249e-03
-1.212592215016730646e-01
-2.328231843842811996e-02
-4.349645024265481608e-01
-3.523138687932207969e-01
-1.360816167851433001e-01
-1.479521721421317160e-01
1.342128084103082729e-02
1.000000000000000000e+00
5.456859091899889380e-01
-1.059834859782349814e-01
1.672578844196016823e-01
-1.535457901809124046e-02
1.218269743032456970e-01
1.216759670790858033e-01
4.265184163013007179e-01
4.146140368249771058e-01
4.735004584270418038e-01
5.850963703878008237e-01
-3.979863224265196564e-01
2.441999330977265292e-02
-2.694326096624748146e-02
2.569949501010338616e-02
-2.600633141521296876e-01
2.219204477864846620e-02
2.795177264910471138e-01
1.000000000000000000e+00
-2.896945601735125275e-01
-1.714970118481602135e-01
-2.677822041481175974e-01
-1.367302538539362788e-01
-2.405192193646918108e-01
2.513764234981665999e-03
-1.222995141102647954e-01
5.985128096354729033e-02
1.520469804250017265e-01
1.763079167622440269e-01
2.328168168428237580e-02
2.075877159711235764e-01
-2.566508429831423216e-02
2.672530021401479106e-01
-5.678297707181378939e-01
2.181767130153597703e-02
-7.415473957489008283e-01
-3.887685879802630362e-01
-4.352189682745102317e-01
-7.094939687346952795e-01
-5.765383122486881229e-01
-3.345714984596782071e-01
-2.345439165447464058e-01
1.261818185220167921e-01
8.006728254539087486e-02
7.781947082237687663e-02
1.000000000000000000e+00
-3.203870837367067126e-01
8.982654340767103063e-02
1.082732279940689379e-01
5.482698778006290796e-01
1.000000000000000000e+00
4.941476140454169608e-01
3.541213380828343027e-01
-1.734057569590718162e-01
-3.326091188605598825e-01
-8.925584142290345913e-01
-4.149562282566719440e-01
5.816779677354441125e-01
4.591363369327443322e-02
-4.488051874330668128e-02
-5.224850042151201190e-01
4.523234560776178137e-01
7.216438664224447130e-01
2.897567395667915990e-01
3.202393012065439803e-01
-4.996755172123596989e-01
-6.994384364564328882e-01
-8.070470675014297657e-02
2.018056178454009364e-01
5.512221067033546973e-01
7.611481802707961535e-03
-4.646881454031060593e-02
1.435237207757921463e-01
1.750631358927123848e-01
2.291860733041427844e-01
2.291631179027185383e-01
3.536575213742796514e-02
1.192104597524369092e-01
8.139013472959175099e-02
-1.780485588959115906e-01
-2.882939560946459201e-01
-2.045940329632829346e-01
7.205470187398385629e-02
-1.984203201204273737e-02
-2.473064603384844337e-02
-1.198531839055480726e-02
2.342352998854182328e-02
2.352094949598239892e-01
-1.674827117810893592e-02
-1.105370351159410541e-02
6.915920392882577913e-03
1.576292694338991829e-02
3.445002539816652831e-01
1.514892671332226243e-02
8.672162295112650215e-03
8.544477669877560081e-04
-1.640831495226059309e-03
-8.394254357607443262e-02
-3.503627993189649681e-01
-4.930192724195671117e-01
-2.624008267526708460e-01
-2.465082483478656383e-01
-1.478935868954012467e-01
2.189795869503371739e-01
-1.057026619469155354e-01
2.504966106602777298e-01
7.069551909393016753e-02
8.184583843175452511e-02
-2.387796526997946200e-01
5.848724596130493447e-01
3.091928066208721182e-02
4.063910179751664686e-01
-1.048688084777449625e-01
-2.628407990031240149e-01
-8.549451048092686356e-02
1.194419881715932247e-01
1.058723675256483532e-01
4.239895940901615146e-01
1.892165911035598724e-01
2.656964744252083288e-01
1.479323999416175539e-01
1.250361832438597887e-01
2.947636740193214644e-01
1.132691268893358250e-01
-2.224444578115921389e-01
-2.811479180678609358e-01
2.756153434984850298e-02
2.749313879358819546e-01
9.968840829045589880e-01
2.003667690624518494e-01
1.183084890151890611e-01
3.311984308042927733e-02
-3.869395138424930325e-01
-2.987154238557768737e-01
3.023730341752481343e-02
-3.218866163868421282e-01
-1.478991661493695986e-01
3.399343294555732253e-01
4.654505871852520626e-01
7.585841096879023526e-01
4.434148154484001680e-01
-2.175880737061184345e-01
-2.621170083103405712e-01
-3.052826764686655259e-01
2.006765581720158231e-01
5.441913563139064158e-02
-8.426918337639963119e-02
-8.599192130018720737e-02
2.866851249143994793e-02
5.737104525186463577e-02
-2.954751933009308051e-01
-3.221898154713291884e-01
9.281852259185449650e-02
1.785956382164923407e-03
-2.427310881170853252e-01
4.503018156194021210e-02
7.095037571953146521e-03
9.761489987214452824e-02
1.100820551532061542e-01
-2.566432281596834897e-01
1.391304907360896570e-01
5.249346476699746217e-02
7.446169222910717367e-02
8.261487467150396835e-02
-6.940782046112294879e-01
-1.154978228879508101e-01
-1.040634875322191955e-01
-1.464807113510944725e-01
-2.211207587703676314e-01
3.461845567076737296e-01
-2.397769355896583188e-01
5.901155032710321269e-01
-1.237896705755771598e-01
8.014632244417616569e-01
6.501087664313093262e-01
4.916875074222014641e-01
3.726109990878050393e-01
2.832901908322136286e-01
3.004873918353089812e-01
-6.123418066866046505e-01
-2.738063995016465357e-01
-2.106286885901139105e-01
-6.067234207668276147e-01
-4.406259192178760276e-01
4.581408970161625072e-01
2.728279681083052854e-01
1.262367084117942129e-01
1.116336913439012479e-01
1.477904070414470528e-01
3.381055737222501412e-01
-2.174481728189254781e-01
4.735563756130430901e-01
1.738646862791118075e-01
3.833618323608947720e-02
1.650504421212053152e-01
3.980760746155347918e-01
1.451609048538105295e-01
1.455832715381673824e-02
2.866577082982135066e-02
2.525415822444685432e-01
4.605656638363059968e-02
1.641475587918563017e-01
1.754014363855193881e-01
7.415312016144399720e-01
4.538963906225656174e-03
4.478042810657225647e-01
3.635359804039393627e-01
1.274673077958599077e-01
1.856789380572914927e-01
6.149532959804067112e-01
5.085872976393867040e-01
5.511954067143102209e-01
1.496543031442479077e-01
2.416227782401899338e-01
-1.557693267723819427e-02
-2.720160630529824264e-01
2.363714529648134333e-01
3.360042929273288070e-01
4.216197027524907354e-02
9.599578906463350492e-02
3.106222312654392109e-02
5.839360175485680537e-02
-5.520514939893795409e-02
3.142480422397193607e-01
4.799925101389871940e-01
4.298800721124540480e-01
1.038628459265461823e-01
3.347743245562041781e-02
3.632005896311487625e-01
-1.926815862060953510e-01
-1.752143167672322865e-01
-5.543809367553427514e-02
4.382912181466570162e-02
1.836564180223104747e-01
2.357606784833443381e-01
-6.033121478627567064e-02
1.555368818216210369e-01
6.095909925118435657e-01
1.613825240616954260e-01
1.478265024614789369e-01
-3.553559951987110554e-02
-3.427260262390764006e-02
-2.210962100824748755e-01
-3.657837995363945605e-01
-5.065466316520415013e-01
-1.975706696486085878e-01
-2.939878896843289291e-01
-1.169233315463031816e-02
-1.352342524984065097e-01
6.863852999668594579e-03
6.733424385491039443e-02
2.084911017559918506e-02
2.810374378002113982e-01
-5.551219773553022624e-02
1.817985619469248693e-01
-6.989406777808100657e-02
2.147375641378105118e-02
-7.237104233360512617e-02
1.155456592037752417e-01
9.383595674683206656e-02
3.150320381692265914e-01
2.087135949631207799e-01
3.113952342216483576e-03
-3.364902212934918202e-01
-1.674294253873975513e-01
-9.927548875945954587e-02
-1.180709057124907091e-01
3.164948606006327131e-02
4.251194293048504019e-02
6.433483409330112424e-02
1.745502895882383998e-01
5.267002358971835108e-01
3.930667021283208995e-01
-2.325555286087817308e-02
-2.127487297801291394e-02
