1.971026614865417637e-01
3.263637504805318446e-01
1.000000000000000000e+00
7.000382817545793834e-01
4.400094812801250699e-01
4.838082831078393403e-02
4.070379259115403233e-04
3.114636425968393407e-01
-4.197146227448070310e-01
-1.085526866477591057e-01
5.018904685321244896e-01
7.872278481111091852e-03
7.962520990023126410e-01
9.601662600712721485e-01
5.108889144833301810e-01
8.528277144195969273e-01
-9.050275366653733888e-01
5.057456906213331216e-01
6.295245703574942064e-01
-7.227619896767908392e-01
1.000000000000000000e+00
-2.450294705605854384e-01
1.561552980121388434e-01
1.000000000000000000e+00
5.579171049950614192e-01
-3.116812556950481206e-01
-3.185630839551957250e-01
-1.353500492569854018e-02
7.579640466000889254e-02
-3.632310242553046797e-01
-5.689687072454893135e-01
-6.036762967026497728e-01
-4.122047541578805485e-01
1.000000000000000000e+00
-4.019332308472957360e-02
6.927280454144424393e-01
-1.000000000000000000e+00
2.327465733101089784e-01
-4.202229187509366470e-01
5.517731143019249940e-02
6.393096582843915687e-02
-5.771258661541242008e-01
-2.729214504671847452e-01
7.517115614454481509e-01
-7.094641449859779847e-01
3.940830501388474794e-01
3.605058117358476699e-01
4.892400580032793544e-01
4.802220625523846986e-01
-1.113496409319757879e-01
-9.138285702760320373e-01
-9.863084781707625037e-01
-2.993363202893740693e-01
-6.279499862373899566e-02
-3.343939329291625850e-01
-1.922237324759491772e-02
7.439268120241364635e-01
1.000000000000000000e+00
-4.686434705255916877e-01
-6.339574816093522802e-01
3.245925208621772695e-01
-1.123513445948797623e-01
5.922325511372190238e-02
-5.169730564911674264e-01
-5.131310042735833798e-01
4.349641198454908819e-01
-9.423881463503663847e-01
-7.274737718116086604e-01
-7.751970900528312169e-01
-1.000000000000000000e+00
-7.069208358751778720e-02
-5.051116439683090986e-01
5.364587269900074062e-01
-8.339327990990056394e-01
-1.000000000000000000e+00
-1.000000000000000000e+00
-1.000000000000000000e+00
3.468634671333961639e-02
2.131724437832703545e-01
-3.651946467582471989e-01
-1.000000000000000000e+00
7.759402143454169343e-01
-1.000000000000000000e+00
1.844191903318150028e-01
-3.683602027019441949e-01
-2.869499938100537051e-01
-1.000000000000000000e+00
-1.000000000000000000e+00
-9.499575871409534633e-01
-9.706761390392089073e-01
7.868453244728543794e-01
-1.000000000000000000e+00
1.072249231583539131e-01
-1.000000000000000000e+00
-6.903549367374373080e-01
-1.416107562109502616e-01
-9.365205174127149146e-01
4.902228986159991031e-01
2.579227622849543100e-01
2.509010165637094447e-01
2.470914537679333722e-01
2.433869190818746808e-01
1.000000000000000000e+00
2.057578036488055817e-01
-1.000000000000000000e+00
2.602419502445142974e-01
7.852885565813018109e-01
9.612752112699430862e-01
5.848297756724065710e-01
8.453891445737449217e-02
-2.625070495927268599e-01
-2.688605067802430360e-01
7.461799915145386208e-01
-7.845875189630550084e-01
-6.463665596616822162e-01
-4.976409844291151963e-01
-3.220292740860092873e-01
3.841729351003555504e-01
-9.969303164303178200e-02
-2.011363646273366390e-01
-1.084175093771465731e-01
7.044450491837698225e-01
9.841877347197275361e-01
9.718468730402360922e-01
4.342978706234466024e-01
5.140286754723170093e-01
-6.267328520358049770e-01
-2.325424135961102756e-01
-1.207352503326332427e-01
-9.156782082406752510e-01
1.000000000000000000e+00
3.509919905219385239e-01
-1.000000000000000000e+00
-5.573635370895969610e-01
-1.000000000000000000e+00
-9.796351402184089174e-01
1.000000000000000000e+00
8.027427296209250773e-01
-2.806718215161920771e-01
1.387161197606122109e-01
-8.253228860393857502e-01
-4.237628110472860948e-02
1.479522224905897576e-01
-4.373885951033087971e-01
4.406590430591900143e-02
-4.129757998929384777e-01
-2.424640967031410632e-01
-1.000000000000000000e+00
-1.000000000000000000e+00
-8.516800100167627452e-01
-1.000000000000000000e+00
-1.666755990753106820e-01
-7.858997253655282123e-01
1.533947793619890032e-01
7.991428484507859809e-01
3.996330380205483923e-01
-3.282522957829454580e-01
-6.210550752868909674e-01
-3.150292964069830587e-02
-9.793246713257641733e-02
-4.737415971221364819e-01
1.000000000000000000e+00
-2.181357331548715306e-01
8.938614510022769855e-01
-9.224443866361090594e-01
-3.356741412792069168e-01
-3.693892680092979997e-01
-5.565370002629070889e-01
3.785441392194585086e-01
-4.172766246814400559e-01
1.000000000000000000e+00
-2.095632658826310779e-01
-1.000000000000000000e+00
-1.000000000000000000e+00
-9.858088106522355787e-01
-7.606214089938727330e-02
-2.867260853419373867e-01
1.214275977644831694e-01
-1.989781115049570615e-01
-9.882601002269686408e-01
-6.472161957742004201e-01
-3.628395826539374536e-01
6.305201410612685242e-01
-4.233063605281227604e-01
-5.262363545134997045e-01
-3.343129623937234896e-01
-7.827536710247194607e-02
-9.982747761751227245e-01
-7.588491235198943086e-01
1.090448700153103245e-01
9.005167116590541143e-01
9.493638140671176728e-01
3.454493504214460331e-01
9.255178449271697083e-01
1.000000000000000000e+00
4.900203190337529269e-01
9.527840236155064035e-01
8.769802580315928520e-01
1.000000000000000000e+00
4.439978078463663325e-01
1.000000000000000000e+00
7.620902141336163282e-01
1.000000000000000000e+00
-1.596340075100362577e-01
2.713340427977719085e-02
-2.311342744412626660e-01
3.947525115831433395e-01
1.695013527611334281e-01
-1.793808401833650867e-01
5.398482001019483389e-01
-8.903989427443573801e-01
-9.482071816150200450e-01
4.672335829129603546e-01
1.294905899200650690e-01
-2.812544724180825878e-02
1.617257398676491265e-01
-1.603730118975661423e-01
2.489452382661431762e-01
9.759173121732592771e-01
-2.631069728739937053e-01
-1.580752165945628618e-01
-1.491588439800994870e-01
-3.548597874556257969e-01
3.365508193792853264e-01
-9.854748536807733661e-01
5.625668435958887104e-01
1.000000000000000000e+00
2.418262695397754569e-01
8.531926143508966609e-01
2.729028026771377347e-01
-4.168176734204022127e-01
-8.640759702011707732e-01
6.665941635255561160e-01
-1.238561778259861593e-02
-5.626812614355400921e-01
8.057925383407352204e-02
6.524978602021914709e-01
-2.047635114156994840e-01
1.992043993457225937e-01
-1.000000000000000000e+00
-9.873685389139400526e-01
2.760469016837453493e-01
-1.000000000000000000e+00
-9.405214605975567022e-01
-9.800726340965032479e-01
2.750390682971462497e-01
1.000000000000000000e+00
4.194123507976593168e-01
4.462460769243634107e-01
7.702263827495910986e-01
-3.527931884817671337e-02
3.116278549337893056e-01
6.639158462858321119e-01
7.409658583103851948e-01
2.126861462556492444e-01
6.466625672019480353e-01
4.938067842151248055e-01
2.082644671425497307e-01
1.547644806292808317e-01
4.142544373092690302e-01
4.065768569795781828e-01
-3.077602779838631841e-01
-9.969980105161679873e-01
-9.941223642049867859e-01
8.223269135579653472e-04
-3.720254843312695292e-01
2.093692393442015687e-01
4.519009040057125892e-01
5.777522563719821036e-03
-7.082472778734302810e-02
-6.508693469155777400e-01
-1.191062362444905987e-01
-5.068865962665984881e-01
-2.038726861242272023e-02
-4.672865460413101468e-01
-1.000000000000000000e+00
1.347952522774805706e-01
1.000000000000000000e+00
-9.670033164635409850e-01
-8.576954100728774177e-01
-9.652309571922398357e-01
-1.187814802061252506e-01
-2.486854190940317455e-01
-6.869560789207390661e-01
-1.565420004111490182e-01
-4.852724150576632201e-01
-8.957408194485318997e-01
-1.000000000000000000e+00
-1.000000000000000000e+00
-1.000000000000000000e+00
-6.105979976314421798e-01
-1.861869018641918450e-01
-1.414136021027613266e-01
-2.511860291919570387e-01
1.140144860148975675e-01
-2.287056201589196813e-01
-1.700853547859343118e-01
-4.365019626861136870e-01
1.323936898557477315e-01
-6.257323062364237298e-01
2.209255318009674396e-02
-8.482624138557007254e-02
-1.000000000000000000e+00
-6.554906217690614767e-01
6.566748029420589328e-01
1.000000000000000000e+00
9.103898903879500404e-01
2.673972882805981666e-01
-5.214855691004374044e-02
-7.910400591196894426e-01
-9.310122957281308231e-01
-9.728699821058125474e-01
-6.426828991457741447e-01
-8.306083017289892512e-01
-6.124786430531210524e-01
-5.730890501559011696e-01
-5.910495891222757869e-01
5.796624919027282274e-01
9.158035260006996969e-03
-4.441531118504711273e-01
-1.000000000000000000e+00
-7.675535902359170715e-01
9.856162173129657811e-01
-1.701089784159075802e-01
2.367077165213445078e-01
-1.123409998049208630e-01
-1.462948826579569261e-01
3.812764970982962520e-01
-7.219789423801292738e-02
-1.559455239795711490e-01
-9.598305163855785915e-01
5.497734041136304733e-02
-3.829551924040512367e-01
7.432838579812883761e-01
4.446298350917761433e-03
3.661701632674047580e-01
7.424441578121186991e-01
1.723208470961955230e-02
3.038998250804085255e-01
5.652648129751071115e-01
-4.184696868212447324e-02
9.114764453699184532e-01
1.337692402580214490e-01
-2.093094848832119659e-01
3.088066519132521281e-01
8.402609366306217353e-01
9.701124624510186756e-01
-4.505289984709884808e-03
1.028477631774735446e-01
3.195019149877432740e-01
2.858267171099868609e-01
7.712978342740216542e-01
6.150133231944743262e-01
3.625573893991664853e-01
2.168312977284381909e-02
2.746951048472783818e-01
5.702215506117652710e-01
-8.601114294559683571e-02
5.545176329214185351e-01
2.982496657189397382e-01
-1.285361781776579726e-01
3.540252168819752465e-01
9.542708167513015427e-01
4.210177631769627671e-01
-3.496912061704302022e-01
-8.661608531112270359e-01
7.377812531078700164e-01
1.891518776110701072e-01
-7.630515197388448856e-01
-6.290713734869982643e-01
6.524284803040503178e-01
2.337543006922327554e-02
-3.011522754621016040e-01
-1.753919042084624291e-01
-1.271274184679833108e-01
-6.799013466132444172e-01
-5.647074407611177849e-01
