-1.642377914658069149e-01
8.826187734936712381e-01
9.997946044505072738e-01
5.482268519759897485e-01
7.633087819901391846e-01
7.309352612472987121e-02
3.535993010564630846e-04
6.769043001421505279e-01
-5.234479562238139039e-01
-1.068082745210613416e-01
-3.970648144611521047e-01
-5.719865828393057017e-01
-6.816370107403052492e-01
-3.111772642330009053e-01
2.418278483080292529e-01
-2.628389293510919322e-01
-2.821582516716104605e-01
-6.112400163385831725e-02
-7.814468024261328472e-01
-4.327289601823504361e-02
-1.000000000000000000e+00
-7.305246278466612786e-01
-7.843903920860999524e-01
-8.479941988429208211e-01
-1.807190992742306046e-01
-1.501303647777521288e-01
-6.948212046788639906e-01
-6.868364671745035288e-01
-6.946662582273833708e-01
-8.557613316948097237e-01
-8.738103723523017452e-01
2.063566559499117603e-01
8.017678881928022028e-01
-8.987254332854499594e-01
4.948530736033636690e-01
-7.720441074081421662e-02
1.879552723343484999e-01
6.661662289563563544e-01
6.340979290640852417e-01
7.555870126389299113e-01
-7.539061592506934861e-01
-7.406740964204355793e-01
-5.104822307628958944e-01
-9.997085569566527274e-01
-1.181360132116129613e-01
-7.015226826635956314e-01
-6.973095778896394314e-01
-3.553824242219214558e-01
-9.997786342211385791e-02
-8.068236610739043524e-01
6.581366053437306407e-01
1.000000000000000000e+00
-7.789254389385517063e-01
-8.097275620457952128e-01
-1.198586042677275837e-01
-9.886420261942582277e-01
9.968317708813796418e-01
-9.743222193629681727e-02
-6.391401897352213535e-01
1.801349910557646650e-01
-9.998145481027469472e-01
-5.283585898397230585e-01
2.374457653375553479e-01
3.708709624505610036e-02
9.770808548685888661e-01
9.097821236402836576e-01
3.267927444559303729e-01
-9.961407674091675712e-01
3.197309556707833567e-01
1.000000000000000000e+00
1.000000000000000000e+00
-8.157612600340805598e-01
-9.828095551279842912e-01
3.409626060678527804e-01
4.852860623691007680e-01
1.000000000000000000e+00
9.605249443107155560e-01
-4.098483284209676336e-01
-4.566481581005930046e-01
-1.000000000000000000e+00
-1.000000000000000000e+00
-1.141285787867415552e-01
2.399310636411409181e-01
9.836333334433065012e-01
3.399484807462174185e-01
-7.107710874218134967e-01
1.000000000000000000e+00
7.426346014201090640e-01
-6.570882194727384329e-02
3.858015987489661902e-01
-5.183921131527002846e-01
2.493227454590234982e-01
8.113776393998924918e-01
8.468182430228236024e-01
-2.187815492190091360e-02
5.482543894729126066e-01
8.078376648244951497e-01
9.993665585332300871e-01
1.000000000000000000e+00
-1.000000000000000000e+00
-6.209844488169768972e-01
-5.321035319976001599e-02
-1.000000000000000000e+00
-1.000000000000000000e+00
1.000000000000000000e+00
9.347195890323519718e-01
1.539712385062430855e-01
6.469272687877023476e-01
-8.200964116079236810e-01
9.009845247355032782e-01
-1.371435803361399121e-02
1.000000000000000000e+00
-8.109067161169362103e-01
-1.000000000000000000e+00
-8.030377817989388101e-01
-8.628811990407631027e-01
8.295996306517799956e-01
-2.604878607978554084e-01
-5.147059901853480168e-01
-6.244575196611701351e-01
9.996202519771467676e-01
8.009702906407845102e-01
3.861835259228801887e-01
5.110205115899525419e-01
1.000000000000000000e+00
-1.000000000000000000e+00
-1.000000000000000000e+00
-3.907634569622253640e-01
-4.803569308479188060e-01
1.000000000000000000e+00
-5.274796709539568695e-01
-9.225837929223673628e-01
-7.922834294224433416e-01
-8.350205754526469626e-01
-9.745780376443278215e-01
9.567834397371612065e-02
1.337960009776677783e-01
-9.989502375031743542e-01
-9.774897331013864266e-01
4.370574802523062297e-01
9.993089790160885055e-01
3.081536524196798466e-01
-1.055660262158190704e-03
-2.131888050350207453e-01
3.350859435541196363e-01
-1.958177539199408013e-01
7.914177977799500274e-01
1.000000000000000000e+00
2.818764511277381812e-01
-4.256980886699498340e-02
-7.661064571932046929e-01
-6.495399670755739319e-01
4.408670457551924216e-01
9.201998066189663872e-01
1.000000000000000000e+00
4.867530671783544260e-01
7.929894425879555064e-02
1.506132238948281465e-01
4.875351234704668468e-01
2.671711160625387382e-01
-2.836116031938764603e-01
8.251953067216408755e-01
1.000000000000000000e+00
1.000000000000000000e+00
-9.818670103268456462e-01
-4.900440176762758671e-01
-5.850528682736372277e-01
-5.868620633658342411e-01
1.000000000000000000e+00
6.180287937493635919e-01
8.859174408329496542e-01
6.502359824308725500e-01
1.563992372366556638e-01
-1.292336290530237131e-01
-3.858183304430621297e-01
-9.828137940858837629e-01
-8.818973688442259817e-01
1.000000000000000000e+00
6.120641998396532113e-01
1.290667466161418697e-01
5.746229867020850035e-01
8.977772410268025638e-01
-7.936347593728837468e-01
2.789760933967853074e-01
1.000000000000000000e+00
4.302080068075535557e-01
6.834593789438437872e-01
6.887634031351895780e-01
1.000000000000000000e+00
2.954019524082682202e-01
-1.000000000000000000e+00
3.833079976951870860e-01
6.164691332163114712e-01
-8.214243296798664495e-01
-3.241836896731374318e-01
7.044524095811885989e-01
-9.998846652174550043e-01
6.392683987822038727e-01
-1.000000000000000000e+00
1.000000000000000000e+00
1.000000000000000000e+00
3.617268244070558358e-01
1.000000000000000000e+00
1.000000000000000000e+00
1.000000000000000000e+00
1.000000000000000000e+00
5.779165508971633169e-01
8.606127535179638466e-01
-8.778470873607230329e-01
-8.754954884088166078e-02
2.838794393630606483e-01
1.025356645107881708e-02
8.156487239951427659e-01
1.605843836002772695e-01
-6.680649402032337036e-01
-8.442952879410454692e-01
-5.090137609113418726e-01
8.576661184667646598e-01
8.641425605593383574e-01
5.139368102289789686e-01
7.049088992351495442e-01
1.000000000000000000e+00
1.000000000000000000e+00
9.003439605319145667e-01
-6.668147076577307653e-01
1.000000000000000000e+00
1.000000000000000000e+00
-3.982254350018685773e-01
-6.377397825759890670e-01
-1.000000000000000000e+00
-9.608689592553854020e-01
-2.631279196642414275e-01
7.395924197581832393e-01
8.396269090167840510e-01
5.763279841683179860e-01
1.216742416069284960e-01
4.423153872999856517e-01
-8.717874575785786173e-02
-6.301275180200952009e-02
-4.697074991026165686e-02
4.518191911913076175e-02
-2.794834866819791430e-01
8.661286661586580227e-01
5.423933945221216524e-01
7.344370335067604283e-02
9.215360943806064631e-01
6.429197529643785325e-01
7.358755235208652712e-01
7.530007317168276870e-01
-1.000000000000000000e+00
-1.000000000000000000e+00
3.540497629137907554e-01
-7.181566572142297211e-01
-5.339971018268012681e-01
4.129708266799496097e-01
1.000000000000000000e+00
1.000000000000000000e+00
1.000000000000000000e+00
6.732798879662159619e-01
1.176749075581124820e-01
-5.255411095130135823e-01
-1.000000000000000000e+00
9.597471572180737986e-01
1.290483056742949830e-01
-1.000000000000000000e+00
-9.435252726554793634e-02
1.000000000000000000e+00
1.000000000000000000e+00
2.466569373738742299e-01
9.114639023567530085e-01
9.986591500835874102e-01
-2.407886222389926667e-01
-9.923360921916025701e-01
-4.516401461465574703e-03
4.772718893457691958e-01
9.822114557280509084e-01
9.811326049106053881e-01
-3.869338890592243230e-01
-6.078556551737247515e-01
-1.516421874404078329e-01
-7.235428005701672882e-01
1.000000000000000000e+00
1.000000000000000000e+00
1.000000000000000000e+00
1.000000000000000000e+00
1.000000000000000000e+00
1.000000000000000000e+00
-1.000000000000000000e+00
1.000000000000000000e+00
1.000000000000000000e+00
1.000000000000000000e+00
-1.000000000000000000e+00
-3.429467665884267658e-01
1.000000000000000000e+00
9.131368590609065805e-01
6.965940378840876912e-01
-1.000000000000000000e+00
1.000000000000000000e+00
1.000000000000000000e+00
1.000000000000000000e+00
3.405274270114705404e-01
1.000000000000000000e+00
-1.180636777090482772e-02
3.518062697764980928e-01
-7.934672043990584345e-02
-4.682193571198242088e-01
1.752501198118245063e-01
1.000000000000000000e+00
6.240777389845433287e-01
3.519447093513925484e-01
9.589543377923999135e-01
7.290055437946484362e-01
-1.496950819538493127e-01
-8.713557055637357607e-01
-1.040812018810188672e-01
-1.449072619072527476e-02
9.145720372975897350e-01
5.050167518399331090e-01
6.064424555425040886e-01
9.201949796103961465e-03
-8.224350524643867510e-01
4.400193145993641086e-01
7.492307722541342585e-01
9.678924338590758625e-01
7.507883325881993253e-01
5.314675053645576686e-01
