-1.249857090768745765e-01
2.003906176973207831e+00
7.326047927738510435e-01
9.043865464319222891e-01
1.642013756070953283e-05
9.999999999999999547e-07
2.846436463919343410e-03
1.000000000000000056e-01
-3.253999277232196286e-01
9.984223349611710541e-01
9.990499252236080263e-01
-1.000000000000000000e+00
-1.000000000000000000e+00
-9.041038348222113497e-01
1.000000000000000000e+00
1.000000000000000000e+00
-5.407490715943717996e-01
-9.940726709155972562e-01
-9.994418550916885913e-01
-9.988502006038453285e-01
-9.932174570568060856e-01
-9.867063617157671995e-01
8.864988336508314859e-01
9.996584495208965526e-01
-9.941408999428136273e-01
8.818043563376729566e-01
-4.554341898838438762e-01
-1.324749087570009920e-01
-9.865516838815975298e-01
1.000000000000000000e+00
-5.604508123892248950e-01
-9.408337283106422699e-01
-9.958951159914368745e-01
-1.000000000000000000e+00
-9.946509145761029957e-01
8.963467206957541622e-01
-1.000000000000000000e+00
-9.975220392837729211e-01
-5.134367754745992052e-01
-1.000000000000000000e+00
-9.692419058427095280e-01
1.000000000000000000e+00
-2.165494936619483113e-01
-9.189621212304295295e-01
-5.722301255344171000e-01
-9.588158436720137789e-01
-1.461166210334479965e-01
-9.097562605001886515e-01
-1.000000000000000000e+00
-2.202872953623506436e-01
-1.000000000000000000e+00
-2.918123397002205244e-01
-4.054653809690389465e-01
-1.000000000000000000e+00
-9.781899614334071957e-01
-9.162059288434639681e-01
2.427620183347252991e-01
5.745509654960750945e-01
1.000000000000000000e+00
1.000000000000000000e+00
1.000000000000000000e+00
1.000000000000000000e+00
1.000000000000000000e+00
-9.593423926505720845e-01
9.990635425777655287e-01
-2.285441137169881842e-01
-1.000000000000000000e+00
-9.983903204351524119e-01
-1.000000000000000000e+00
-9.949706860720384238e-01
-8.486944620520190385e-01
1.000000000000000000e+00
-1.000000000000000000e+00
9.423372077930739499e-01
-9.897624054592745191e-01
9.994708280828867863e-01
-1.000000000000000000e+00
-1.000000000000000000e+00
4.209355597535683335e-01
-9.857633399497216509e-01
2.371639578909258070e-02
6.774625560962231896e-01
-8.608877846629829911e-01
-9.999983800603421402e-01
5.171127328363566145e-01
1.828201086888420757e-01
-5.258132459819865323e-01
-3.586748000049101437e-01
3.149976984775101907e-01
-8.064242689372975725e-01
-3.386455578628630447e-01
2.352289278896619318e-01
6.094093650069182244e-01
1.098471404059571527e-01
-9.867439182690881383e-01
-9.433207841364092960e-01
-1.000000000000000000e+00
-9.998996912099072931e-01
-9.997982855823207560e-01
-4.372645863989761961e-01
7.249152013717073961e-01
1.000000000000000000e+00
-9.559656634752505822e-01
-6.955212144833968768e-01
8.140529759441642588e-01
-2.425199403236781917e-02
-9.911056348748862321e-01
9.730409008809952631e-01
-1.000000000000000000e+00
1.000000000000000000e+00
-7.009843658573168546e-02
-4.065835248309817573e-01
-9.672916643349813715e-01
-1.000000000000000000e+00
2.929160212002767435e-03
8.593122052744824879e-01
-7.942097987318447183e-01
-4.153162752772507904e-01
8.258224828138192031e-01
-9.994708280832231839e-01
1.134096622300555940e-01
1.000000000000000000e+00
1.000000000000000000e+00
-6.161936176793207931e-01
-6.993630334156632211e-02
-1.474618889930593701e-01
-3.299797191957478670e-01
-9.543138408590400024e-02
-2.162554927730390153e-01
3.027088037355229466e-01
-7.268036340185389799e-01
-1.399233832168216007e-01
-7.132833745401476189e-02
-3.229860102860878102e-01
1.373241057386950514e-01
1.799155871875794122e-01
-2.678282793843046461e-01
3.263095284041157007e-01
-7.956781452890815398e-02
-2.242250699264485558e-01
-6.831482380431824764e-01
9.746724805236020028e-01
9.045715408928249879e-01
-1.000000000000000000e+00
-2.695889603562683368e-01
-2.678436362059101183e-01
-3.521957995253643392e-01
-6.220975408233031523e-01
-4.823052706128613809e-01
-4.284755611999088165e-01
-7.379537895244595580e-01
5.253833510422761116e-02
2.802540463035351759e-01
7.300029809890166144e-01
-9.969253987903703429e-01
-8.126274502588687332e-01
-9.882710540146879552e-01
-7.767777785233551668e-01
-1.000000000000000000e+00
-2.090108023227635614e-01
1.000000000000000000e+00
1.000000000000000000e+00
-3.004577352347370112e-01
5.900718999593548286e-01
-1.436039589591390220e-01
-4.552913941356295791e-01
-2.547862037077950892e-01
3.517519911108851760e-01
-6.059715458796207654e-01
-4.046277502859856323e-01
7.005914674236367601e-01
1.888737995107442058e-01
7.892376702044580083e-01
6.387141968240759304e-01
-1.000000000000000000e+00
-1.000000000000000000e+00
1.000000000000000000e+00
1.000000000000000000e+00
