1.677331157988518062e-01
6.520718720436180504e+00
5.400231989987844816e-01
4.516742159707832771e-01
2.110126720075219953e-02
9.999999999999999547e-07
2.138584953666092074e-03
1.000000000000000056e-01
-5.690995762994572882e-01
-8.391062375864950795e-02
-1.111029023437587610e-01
3.635048250467381448e-01
-1.000000000000000000e+00
-1.000000000000000000e+00
2.476314606447255484e-01
1.284547672711846278e-01
-8.497124553189330243e-01
-6.336624030308293243e-01
2.228984036496480525e-01
4.409538649935120236e-01
8.353935279660815727e-01
4.025364436912491906e-01
9.936625492189908870e-01
9.409671215248507359e-01
8.682946367218843386e-01
7.738812453171938222e-01
6.480699777730104527e-01
5.166096970514781894e-01
-3.306450194913540530e-01
2.543011803454550135e-01
1.895607763913072508e-01
9.254523611996883226e-01
-1.000000000000000000e+00
-1.000000000000000000e+00
-9.277761630690274375e-01
1.000000000000000000e+00
-1.000000000000000000e+00
-7.747620637980268121e-01
-1.000000000000000000e+00
-1.000000000000000000e+00
-9.999999999999491518e-01
1.000000000000000000e+00
1.000000000000000000e+00
9.847418963411230797e-01
-1.000000000000000000e+00
-9.322247026562221484e-01
-3.053665406587103837e-01
-9.844095097955223306e-01
-8.201811676196182344e-01
6.251587603580265329e-01
-1.000000000000000000e+00
-1.858879441375749508e-01
-9.999999999999074074e-01
-1.000000000000000000e+00
-7.919362074001644602e-01
9.999999999999419353e-01
-7.698529228944857028e-01
-9.810202619139517521e-01
1.000000000000000000e+00
1.000000000000000000e+00
1.000000000000000000e+00
1.000000000000000000e+00
1.000000000000000000e+00
-4.642289717201634747e-01
9.984667832066413951e-01
-9.033032138599431105e-02
-9.997434733849859256e-01
-1.000000000000000000e+00
-5.167908682318920199e-01
-8.835727968989146586e-01
-8.841055709880990543e-01
-3.612211754734477864e-01
-8.273429409187315065e-01
2.310414027751015453e-01
-9.135056399448828746e-01
2.172174455445004537e-01
-9.801438318814308381e-01
-1.000000000000000000e+00
1.000000000000000000e+00
6.512001327401994999e-01
1.000000000000000000e+00
1.120926756557689419e-01
3.599536184435828123e-01
9.547485664747533685e-01
7.992412262728455508e-01
2.863067397751379861e-01
7.249283693591125344e-01
6.825362470538304249e-01
6.647901860225376158e-02
1.506717495693856990e-01
1.000000000000000000e+00
9.557582852964360276e-01
3.224951992434337833e-01
3.367604343821698487e-01
-1.000000000000000000e+00
-9.705161832051425463e-01
-9.679212219302890663e-01
-9.246418458624157122e-01
-9.078561807652899551e-01
4.710725629294625072e-02
7.678682046225570046e-01
1.000000000000000000e+00
1.840630930006471322e-01
-4.337280132416716505e-01
1.000000000000000000e+00
-6.276418157133751841e-01
-4.613701496687658277e-01
6.541713848557803579e-02
-1.000000000000000000e+00
1.000000000000000000e+00
4.361557568810080499e-01
3.240492427350177840e-01
1.000000000000000000e+00
-1.000000000000000000e+00
1.000000000000000000e+00
-1.000000000000000000e+00
-8.372596327004558914e-01
-6.115865468726467968e-01
9.826035135106392371e-01
7.485662448364928112e-01
-7.607833471990349539e-01
1.000000000000000000e+00
1.000000000000000000e+00
1.000000000000000000e+00
1.000000000000000000e+00
-5.607457425882803742e-02
8.302126326204083140e-02
3.861079208642094196e-01
3.425565150407377524e-01
3.893793862295911734e-01
8.955920832505812612e-01
6.681415102323993993e-02
9.329352849338271580e-01
4.303641661341198743e-01
5.580803347948344595e-02
7.713052421454527630e-02
3.699261726021245422e-02
4.133728472084128303e-01
5.299035357612063013e-01
4.649247342534427174e-01
-6.023232852931942327e-01
7.498291001960379898e-01
6.112394060215095015e-01
1.087025123672722970e-01
9.017677911367697474e-01
8.103933602424834293e-01
7.220039062774978866e-01
1.418737945180049143e-01
1.916412349853932051e-01
2.892096471404606572e-01
2.365432821742839697e-01
4.023233555015458540e-01
3.092446997423129243e-02
-9.141917753487056875e-02
-9.608045339701801746e-01
-7.863298727283899447e-01
-8.004840960411031547e-01
-8.343223537641576426e-01
-1.000000000000000000e+00
3.470096986584309540e-01
7.012944439075449177e-01
8.623157447560170219e-01
1.000000000000000000e+00
-1.462424704577795498e-01
-1.106225491194725435e-01
-4.993861852121667111e-01
-5.465428172788847627e-01
-1.160270223361458963e-01
9.440546188109475434e-01
3.310023145858935201e-01
-2.008667259392258875e-01
4.505554743878874557e-01
3.135610770922648283e-01
2.707059159568582229e-01
-8.549680346495085459e-01
-9.122627450751236156e-01
1.000000000000000000e+00
1.000000000000000000e+00
