2.478810769817370585e-01
1.702450891518120901e+00
5.113640064098695648e-01
4.497741603951525002e-01
2.923921497175890893e-02
9.999999999999999547e-07
2.040032066600905563e-03
1.000000000000000056e-01
8.261239943874032488e-02
-1.374053972747111274e-01
1.736834910566189272e-01
-1.990096909190053887e-01
-3.276551075455884643e-01
-4.574424209607053649e-01
2.577906854783226787e-01
2.731265819242542081e-01
3.557323264858673340e-01
2.569645968686006809e-01
3.384218252276645633e-01
1.131051679736814336e-01
5.303178588492060141e-01
-9.674613415341709252e-03
7.461981282653504244e-02
2.759386342551945967e-02
3.289038109989175229e-01
1.554495898043588287e-01
7.096922359092338040e-01
3.792275195130887511e-01
2.588619995444715327e-01
-6.522044224793674960e-01
-6.139369336510781539e-01
-2.443143624964463911e-03
9.410657147058825167e-01
1.000000000000000000e+00
-7.014013784567124654e-01
5.126928513342648118e-03
1.000000000000000000e+00
6.977006269739949307e-01
1.784090982979963658e-01
4.618129033648227244e-01
1.544514505421679673e-01
5.149557702096686507e-01
1.559838210011334769e-01
5.030182218017125589e-02
-6.410579615045600699e-01
-1.578325761887063583e-01
1.651157612047476561e-02
1.000000000000000000e+00
1.000000000000000000e+00
6.346456130036651766e-01
8.780065257125262146e-03
-1.000000000000000000e+00
-8.661823070080689746e-01
1.000000000000000000e+00
1.000000000000000000e+00
-1.000000000000000000e+00
2.451883643392566425e-01
1.000000000000000000e+00
-1.000000000000000000e+00
-6.835372069648837368e-01
3.429991676391050404e-02
-1.000000000000000000e+00
-5.026204176660726830e-01
-9.338165573346339787e-01
1.549495859713201085e-01
-4.776631307529187187e-01
-2.609253691746871162e-01
-9.105321926787453002e-01
-6.628438817660443627e-01
-8.321409601343100482e-01
5.404493126730631758e-01
-3.784313488378406309e-01
-1.000000000000000000e+00
9.739057500921196597e-01
3.656487989159492025e-01
-2.153404479735558374e-01
8.639089849682292099e-01
-6.043758938610112041e-01
-1.000000000000000000e+00
-1.000000000000000000e+00
-1.212520272866963594e-01
2.549095710475005050e-01
-1.000000000000000000e+00
-2.540788478702403208e-01
-5.488734123956845457e-01
-1.000000000000000000e+00
-2.384091904459129385e-01
1.000000000000000000e+00
2.272590189423349949e-01
-9.125973110477086925e-01
-9.100692732462200008e-01
3.448194400231768264e-01
5.329100629625201924e-01
3.105719601536870988e-01
-8.100903159068806314e-01
-9.560299305583671581e-01
-7.927022507681702468e-01
-3.931577928594012228e-01
7.882811025388312132e-01
1.000000000000000000e+00
-4.751188239452350942e-02
1.547045306362042350e-01
-9.537774714436196843e-01
-9.403700300263245770e-01
1.000000000000000000e+00
1.000000000000000000e+00
-1.000000000000000000e+00
-1.000000000000000000e+00
-8.172348254513752686e-01
1.000000000000000000e+00
5.813022248316632723e-01
-5.655445998377732764e-01
-1.540403940558023321e-01
-1.000000000000000000e+00
-1.000000000000000000e+00
9.211801531370400475e-01
4.384090360855895097e-01
1.000000000000000000e+00
9.312914454820568899e-01
1.403496964957251791e-01
1.286835357774561150e-01
5.206023091148781479e-01
6.284223997482585311e-01
-1.000000000000000000e+00
-9.911614108391770817e-01
-9.932261975918719177e-01
-2.189828446525170502e-01
-1.477330437317031682e-02
-4.254618277536548893e-02
5.515268543853295291e-02
1.617494107561702754e-01
-1.056479375275623939e-01
-2.332691733713830873e-01
-4.279663003384486797e-01
-2.822499138333980223e-02
1.100819178394822906e-01
2.640584109886275899e-01
3.045758505357260004e-01
9.956295263444374377e-03
-3.354418755259031548e-01
-2.311023488713944973e-01
2.994322006339542042e-01
3.382549615378357966e-01
-9.998849516653314229e-01
-7.157729251457478625e-01
-6.325693918932057125e-01
-1.724944905653535143e-01
-2.106909555114636068e-01
-6.150528841625590992e-01
-5.226392765228798920e-01
-4.699888594034017375e-01
-3.604554676697622195e-01
3.652275132228934296e-01
3.667017655862014891e-01
6.386061921470554958e-01
9.254067266516787793e-01
-3.298194604674686281e-01
-4.237006268197768266e-01
-9.970112706156553095e-01
-9.977268022100095335e-01
1.763926300708152650e-01
2.313426795858309071e-01
2.849996095454966905e-01
-8.749312402861784965e-02
1.627096923636136292e-03
-2.295689264697681475e-01
-1.410883330944031067e-01
-1.304770313569595941e-01
-2.088535028880121325e-01
-2.357652926256047499e-01
-4.580980206395040000e-01
-3.167585422980822574e-01
2.880205008945698197e-01
2.088376816239046752e-01
-6.340984399416789152e-01
-7.795487245046520686e-01
3.642985818401862641e-01
4.444895970751083780e-01
