-7.968996728285211717e-02
2.438117612378077337e-01
9.742327504291439233e-01
5.081777270152479931e-01
3.488012357901347227e-01
4.234120114534461327e-02
3.224163645861562524e-04
5.307041799743709154e-01
5.783355359906938720e-01
5.730060688221948473e-01
9.127498518112256987e-01
3.790784365766521891e-01
-4.870711520768979397e-01
4.624474552463135879e-01
5.224876639984662452e-01
7.766628275985872909e-01
-6.687150392589383818e-01
-1.559674933986935630e-01
1.717586020105443811e-01
8.025470913837430553e-02
-7.197103023995422566e-01
2.055382115051284930e-01
1.540202668652773388e-01
1.052799355323150998e-01
9.854670781887604480e-01
-1.467633184205193175e-01
-3.542156079478919750e-01
-4.165761885354741234e-01
-4.080908716607927200e-01
-4.177244890672674460e-01
-4.611390191365329350e-01
-7.323254596426161944e-01
-2.115104140966787283e-01
8.518876997805280293e-01
-2.478464123951246711e-01
4.844188042591387466e-01
-2.938076988879821660e-02
2.155712220964417503e-01
1.910778827570336902e-01
3.957525392803692421e-01
3.968392366751359313e-01
4.216098481520279551e-01
-4.618635469517610170e-01
-5.894200276704053554e-01
1.350686182973158955e-01
1.792977002902010064e-01
5.457206311350169814e-02
2.055416369930736231e-02
1.469764123877901896e-01
-1.674955265201478749e-01
5.333287362906535822e-01
2.705426697740574427e-01
4.534164948113453275e-02
3.414547632091610163e-01
-3.779547438862550929e-02
-7.893441827822486601e-02
1.675281030137041605e-01
4.649229676209052364e-01
3.925321772618109994e-01
-2.618946438346829719e-01
4.957634311384004899e-01
-4.465252848124310892e-01
-4.876995026884127782e-01
-6.965781940829514074e-01
-8.561414549124813922e-01
-1.706331058232579689e-01
-8.568176916039331736e-01
-8.677790828409893686e-01
-9.984064746506864374e-01
1.676750238639133361e-01
3.703702256910899049e-01
2.468947082411840632e-01
1.961553476179290489e-01
-1.409865427984574038e-01
-2.868728954414911381e-01
-7.307990734006092337e-01
-1.000000000000000000e+00
-1.948299361186725254e-01
3.959163391712604008e-01
7.972548772802537931e-01
6.001301927303916983e-01
1.472983781419542337e-01
-6.585053796448466779e-01
-3.310671751708887944e-01
5.349633906076360912e-01
4.256892052741054755e-01
-8.613298018901076325e-02
-1.000000000000000000e+00
-6.534725296376742154e-01
-4.707927145517806222e-01
2.657370897978211244e-01
9.318782801391086723e-01
4.490215627822127277e-03
6.239533982780522958e-01
5.337628636550084682e-01
-4.177851918401504494e-01
-9.581001836857674925e-02
-2.383658777091247124e-03
-1.327325112692888665e-01
3.181239435837721619e-01
-8.381337262151322687e-02
-1.385117582839444916e-01
1.000000000000000000e+00
-8.239766118558794483e-01
2.044227758319946686e-01
3.656475093316797764e-01
5.686132299409853985e-01
3.991115524775147305e-01
1.508808909274380605e-01
9.166392883987194429e-01
4.082818251111438035e-01
3.326017729851367677e-01
4.379193634382880229e-01
-3.927008817544170860e-01
-3.478853854048724048e-01
-6.777900366015025824e-02
-2.886224851674610847e-01
1.869742455241157342e-01
7.078791142232049305e-02
2.888706232437803223e-01
9.465608269668915886e-01
4.044447770742348736e-01
7.792683524935750672e-01
4.865011472619545918e-01
5.882770120891586130e-01
8.293933671322942791e-01
-5.584418530819067472e-01
-3.011366097865712625e-03
3.053294144132847610e-01
1.147687171734401157e-01
3.415921798097670270e-01
1.000000000000000000e+00
-3.106885573747930618e-01
1.310831341887508383e-01
1.255809169573981476e-01
-9.993388274587557962e-01
1.000000000000000000e+00
7.530446214705229790e-01
4.939276218558450449e-01
6.781780696522208274e-01
4.528254675808045526e-01
5.385726660212892813e-01
9.386280732645754243e-01
6.266075733874432174e-01
1.590036820649498861e-01
4.794768038264464738e-01
-9.505599935317072813e-01
-9.001277698038455677e-01
-7.404092945214150179e-01
-6.289363277973841759e-01
-7.417124406890648336e-01
-8.948159173519645293e-01
9.264212149179482103e-03
-4.174932612772263019e-01
-5.264663851295636743e-01
-1.872472091504533420e-01
-2.468789440624885034e-01
-3.558036974549744214e-01
6.744977170585401971e-02
1.424020808243384173e-01
-5.074748356873812899e-02
4.230618250917902445e-01
7.826956751391592748e-01
7.773256449670561397e-01
-1.614691700247210815e-01
9.302658704327227968e-01
-2.162653682385491105e-01
-5.176258037732798245e-01
-3.137895113281961856e-02
-8.464734847400046114e-01
9.121079344811809930e-01
1.420148727858549231e-01
-1.141407867513018204e-01
-9.759077473872633801e-01
2.573817536835745767e-01
5.124263667448847315e-01
5.203137976752907345e-01
3.517292493621800853e-01
-7.631642582601255720e-01
-4.990987992230024317e-01
-4.118349220297193858e-01
5.592296179791759192e-01
-1.918229477374719383e-01
7.598237281241664309e-01
-1.596530789044684762e-01
-5.793036011131972307e-01
4.850597605238889942e-01
-1.000000000000000000e+00
-9.866811653497251644e-01
-7.669997991909892343e-02
6.906685359331580232e-01
8.929904207400891636e-01
4.760581886410349128e-02
2.893192027963711332e-01
6.006051860145787957e-01
2.752371761805221806e-01
1.403101749051666458e-01
7.516892700961788631e-02
1.000000000000000000e+00
-3.356493844372636370e-02
7.355305161102265732e-02
6.271522503423908323e-02
1.000000000000000000e+00
8.067103530612658169e-01
6.468901190110409871e-01
2.079252934184471213e-01
1.000000000000000000e+00
1.000000000000000000e+00
3.259309227556774768e-01
7.333396543676444779e-01
-6.640339136000767972e-01
-9.148995955893981513e-01
-3.571108962747228666e-01
6.314637992929356125e-01
2.138213837259556604e-01
1.449015466673948815e-01
4.260488019497500889e-01
5.036051696973247171e-01
9.978993757632670381e-01
-3.110490991889963142e-01
-1.027324064692959962e-02
1.060239315921247261e-01
2.789305380342262386e-01
7.841447980945414065e-01
-4.963999457734020182e-01
5.277122025283057516e-01
-1.216280145160154591e-01
2.557110792729014315e-01
-9.671165892151563359e-02
-4.711424778447620421e-02
4.647590057783163586e-01
4.699907156739406844e-01
6.024077456088908766e-01
6.059273244593833541e-01
6.010526619245439850e-01
8.159989117139281045e-02
3.623845548575104769e-01
2.301738214617879696e-01
-6.968754460005761597e-01
-7.244820300357727172e-01
-6.540846248335485669e-01
-3.608327917068996915e-01
-9.437537344310816811e-01
9.772846555535384672e-02
-2.648892344280190381e-02
-1.647009451605151442e-01
-1.248866245277199111e-03
5.725922793139636910e-03
5.191232570268481394e-01
7.159402204855820351e-01
-2.390301469117058764e-01
-5.567873541611121357e-01
6.172905193974648208e-02
-6.970584546344819055e-01
-4.503143359134451074e-01
6.820324396789054777e-01
3.913442696733533954e-01
1.102914816466053216e-01
1.622226008723206062e-02
-3.645412778435362378e-01
4.554786986691382600e-01
-5.872031845600050870e-01
-8.777032113827096804e-01
-8.781486739611421566e-01
-4.418846449894730521e-01
-2.042461663885266343e-01
6.596426371829711144e-01
2.856008574476509576e-01
2.860115552998728286e-02
2.097313702231302229e-02
-1.455825006628485574e-01
-2.666070742804815819e-01
3.480008379500064419e-02
1.684943766636007867e-01
7.025023340616631806e-02
4.852193727433388726e-01
-7.731449642285857793e-02
2.414571369371411869e-01
4.819579125579663559e-02
-9.414991238703904752e-01
-6.699325936776849844e-01
5.471704250402333880e-01
2.549376749900154615e-01
2.444064957874977628e-01
-2.947339775621598407e-04
5.688134622715836919e-01
-3.585056858592415296e-01
1.484668889903931477e-01
-5.413631757248860144e-01
-4.118544487701480961e-01
2.977799421762113430e-01
2.583140678932404830e-02
9.402358699597693215e-02
9.244750447107324964e-01
9.983919272985249949e-01
3.627765003826585177e-01
3.279411307365073247e-01
2.620510854000170364e-01
1.065758339498292795e-01
3.892472087824500604e-01
3.114293369142683288e-01
5.436536309734336658e-01
-9.042192054249478250e-01
-5.886815674448903080e-01
3.267808984806992445e-01
1.571550190724721741e-01
-3.374712886418185787e-01
1.490507383016173304e-01
3.006555085169950181e-01
-2.553861732240834265e-02
-5.616453025615177896e-01
-4.760933530931520385e-01
-3.083904841200795222e-01
-2.862397861456710269e-01
-3.274079372666165444e-01
-8.095780628803107559e-01
1.234651997567054807e-03
-2.339634615435098597e-01
-1.653124806018073933e-01
9.239815757995066825e-01
-8.608025911424438403e-01
-8.738159845680011362e-01
1.712813805773551190e-01
3.231447581053807361e-01
4.490766179174433548e-01
1.177710213169300135e-01
6.430098217010131734e-01
4.842844982564444289e-01
4.482573798100646378e-01
4.467692974287369445e-01
3.359633530547449093e-02
-4.546437974421115302e-01
2.387719410521339514e-01
2.597278611952285599e-01
-3.857594889671815408e-01
-4.719165640071545376e-01
1.000000000000000000e+00
4.904938701919131505e-01
5.479538919905989625e-01
-9.355535128457165284e-02
-9.922773787584968641e-01
-2.268517180013727291e-02
-4.699657909972107528e-02
7.176095420176434869e-01
8.859568861592818922e-02
9.178575992077407930e-01
9.694454814623088001e-01
1.642220075969053616e-01
1.758678319070514084e-01
1.721733411172910733e-01
1.875224822966827243e-01
2.427337961392792287e-01
3.134689704088411966e-01
9.585371350117727340e-01
1.000000000000000000e+00
8.691923848003637598e-01
9.594642684528020826e-01
-6.122915438067395855e-02
1.458082602123141926e-02
-9.572119465705511074e-03
7.112133354019130327e-02
1.241505363510900933e-01
-3.087431380224744393e-01
-3.703839170083458865e-01
1.155745141600029030e-01
6.026720025386064772e-02
6.618482072811647798e-01
-1.712501565469022324e-01
-2.919497063547785709e-01
-3.799328019693257175e-01
-2.697764310834157020e-01
-3.023228384910208177e-01
-4.943190866239444703e-01
-5.751874298573628197e-01
-5.608700776273820576e-01
-4.590051608749805001e-01
-8.663785972529558510e-01
