-4.920774875941248683e-02
7.922942488630222435e-01
9.071266571228923103e-01
6.090353130907730783e-01
4.104919109456051096e-01
6.838684301908121155e-02
3.755674667671656539e-04
5.411701429350395109e-01
4.669024845591363687e-02
-4.446350332210510237e-01
3.895209171969717110e-02
2.192528316256153742e-01
-1.719141643093772820e-01
-9.425679047724228043e-02
-3.349130830963308048e-02
-3.391609842791425827e-02
-9.599688069972679011e-03
-2.230719356006740928e-01
-1.993231646240552490e-01
5.447475976129136921e-01
-2.400367042085078673e-01
1.427440099254510542e-01
4.593497483807372772e-01
-5.054841425218923462e-02
5.925410401967422525e-01
-2.663890446725861172e-01
-4.221643154366346296e-01
-3.493351761524893795e-01
7.051466155458792073e-01
9.106841214451870670e-01
6.276038506511241177e-01
1.000000000000000000e+00
4.275425369213087801e-01
2.034224820003786936e-03
1.701020733430621545e-01
-7.459131764569366663e-01
-7.554383546260481364e-01
-2.248089812950327115e-01
-9.187405745453987305e-02
2.669738982603457877e-01
9.390017449740993560e-02
8.901761576542953636e-01
3.520384700439026515e-01
-1.309690857524621332e-01
8.062068631316476885e-01
-1.000000000000000000e+00
-1.011691909178593501e-02
3.608050313044895430e-01
5.263586427161306425e-01
-2.294352824856852047e-01
-5.778314182630767126e-02
-1.938899462372367100e-01
3.944076003448120926e-01
-7.893089635530443626e-01
3.205817099600402620e-02
3.025412148891848951e-01
-1.966880554053330732e-01
-1.926450391135632045e-01
-4.564503024736835113e-01
1.212915404062946956e-01
-8.965659571200086386e-01
-3.566933125270738136e-01
-1.983445614187575312e-01
-5.099471836589957174e-01
1.811137829096523821e-01
1.000000000000000000e+00
8.625231038495356772e-01
-3.996961950334597113e-01
3.537316381520904662e-01
1.217984003560760031e-01
2.651213060079691264e-01
-9.015025627478705228e-02
8.880954539036314821e-02
3.446594776708222230e-01
7.359117349513353279e-01
1.000000000000000000e+00
-5.952291976122197070e-01
1.482963651975220398e-01
4.458258926663232202e-01
8.221682802985772476e-01
-1.012042967309292468e-01
3.454919860572034929e-01
3.219998724026257864e-01
1.000000000000000000e+00
-6.599182830630385688e-01
-2.425965624690331890e-01
5.269864085706536111e-02
2.363997983559035579e-02
-3.122926276035404083e-02
-1.560082254006235625e-01
-1.000000000000000000e+00
-1.233110212903163888e-01
1.980152119361978241e-02
7.977328439580581854e-02
-9.012488556271948115e-01
5.085686015183021880e-02
7.743121145690930185e-02
3.098522412435931184e-01
-1.792882944622913866e-01
-7.253318347970333368e-02
-1.000000000000000000e+00
-2.461220543261947169e-01
-2.737343451636342628e-01
-9.532842633822167233e-01
-1.000000000000000000e+00
-7.849345833014806928e-01
-8.331577560337646293e-01
-3.453086373369225748e-01
1.171097055787773678e-01
1.076394352880526567e-01
8.072306732757315029e-01
-1.000000000000000000e+00
-3.136099475153035776e-01
-9.620852249382517984e-02
8.721667392334250257e-01
1.000000000000000000e+00
2.505033155358211139e-01
2.929269137871696183e-01
-2.231422605335620923e-01
-6.036733403188445646e-01
-1.000000000000000000e+00
-6.339208350824862004e-01
4.180942463400266207e-01
-8.440396016339440921e-02
-2.287160877571586814e-02
-9.600179170687772601e-01
1.559677303988163052e-02
1.000000000000000000e+00
9.316824292621622705e-02
7.155301596324865621e-01
-9.007389998486834415e-01
-9.608629931960651627e-01
-1.000000000000000000e+00
-2.085681177170521094e-01
5.074607662029217980e-01
3.621374042198003962e-01
2.460481000685058040e-01
5.132011802607545636e-01
3.451108706824547734e-01
7.427473283504187895e-02
3.345519145223753155e-01
4.729954789040527463e-01
5.093493871968379771e-01
4.948014721816018091e-01
2.478655503945004501e-01
-4.828253122708758283e-01
-3.859457735756949281e-01
1.351576360408642818e-01
-2.297287245689072777e-01
3.417411704693841534e-02
1.118581346700333462e-01
6.584307570365750817e-02
3.976324273627847017e-01
-3.401520146618255275e-02
-4.736959070340975020e-02
3.209948322522197979e-03
4.102503295736339983e-02
8.499289064859509857e-01
5.298476843698841920e-02
3.198216090749968210e-02
1.053091933080533248e-02
-1.812522717896463548e-02
9.871346470400345352e-02
-6.781543303179836668e-01
-6.788301154365536938e-01
-5.138302979760732692e-01
-6.354406450535590167e-01
-4.717315148091310029e-01
2.501533814479091067e-01
5.863959606517093331e-02
6.490604607831844675e-01
1.292056204095142768e-01
1.616698335539983322e-01
-3.472609247479835348e-01
6.335255871808852524e-01
-1.562290171261299654e-01
5.033987609269620078e-01
7.058125421876325356e-02
-5.154992026053355492e-01
-1.965298587556457977e-01
-8.548180989697808096e-02
1.144758555870707684e-01
6.341983725191110421e-01
3.615838406640605601e-02
-2.967038368777981661e-01
1.896313423668155862e-01
3.546052806198599083e-01
1.000000000000000000e+00
7.431025132554708312e-01
4.953847483855491896e-02
-1.275867035873947120e-01
-3.860185304920273341e-01
8.901580521214332020e-02
1.000000000000000000e+00
2.723883230409030465e-01
2.450309469081268787e-01
3.101795556566476209e-01
-5.396887106436384363e-01
-3.037487005916928995e-01
1.042813547112696887e-01
-5.497870997007816563e-01
-1.532933621262994872e-01
5.895631340452403002e-01
9.276174478401570944e-01
8.793976310583034861e-01
-2.639190586088887777e-02
-1.793712745039995893e-01
-1.766715142032144470e-01
-3.124426812375751261e-01
2.132023457963111157e-01
1.099018902756914058e-02
-2.852618648323561601e-01
-2.755621440946728340e-01
-1.671107892864068523e-01
-9.929878662493044073e-02
-6.349128556165630766e-01
-4.418543868237948535e-01
1.948899058317038469e-01
3.466992967726726521e-02
-6.447898309336076439e-01
5.302141802117059377e-02
3.040494275309461522e-02
5.536417001129142340e-02
4.487139396987572248e-01
-4.227252818548793423e-01
4.912042242300808104e-01
2.215967202880399223e-01
7.145737240210357777e-02
1.343180009511709128e-01
-1.000000000000000000e+00
-5.157761972509514736e-01
-5.323234328095840517e-01
-3.392395162569356026e-01
2.877613689591906887e-01
6.909107643126349840e-01
-3.668493542679974739e-01
4.125344852705943588e-02
6.370475058970360982e-02
5.389687845537516342e-02
8.361717023513512981e-01
7.953911855627127103e-01
7.967331841657869784e-01
7.326892669591846818e-01
1.463585690224957492e-01
-5.526108055892268167e-01
7.646503833770448288e-01
2.073243340714150951e-01
-9.078218035172903599e-01
-1.000000000000000000e+00
3.298122050398564209e-01
6.044862789609882492e-02
-1.745653818655419631e-01
-1.790172423219626996e-01
5.642780332082828476e-01
5.828152911789437063e-01
5.388765533042895184e-01
7.422382307416028890e-01
-6.563772805437835534e-02
-8.621036911528821012e-01
-2.313188563625794558e-01
5.136334369024139201e-01
-1.963173491633785073e-01
-1.550091321973675884e-01
1.174240318566662500e-01
2.708579932590287065e-01
-5.026895874936577746e-01
3.099493744934118111e-01
4.130079461954175857e-01
8.553020414323956322e-01
-5.182423813197344353e-01
8.774088740390142416e-01
4.317435171596029631e-01
3.405024623275033080e-01
6.598344103888320600e-01
1.000000000000000000e+00
9.982151868418797092e-01
9.976987220897739483e-01
3.041415112213092797e-01
6.333682214598990168e-01
-1.122001697195461334e-01
-5.124472555971163468e-01
3.043782170042384078e-02
5.771788841215825805e-01
2.774279304662695123e-01
2.426842594355347604e-01
-1.626309097644551283e-01
2.599007395527290140e-02
-9.423609128870135132e-01
5.259862529020604693e-01
1.000000000000000000e+00
7.833947038002200269e-01
9.334411137511992862e-02
2.049190163266682851e-01
1.000000000000000000e+00
6.145666659778288299e-01
-5.638703103198364902e-02
-3.005195167217535324e-01
-2.869880518253638962e-02
4.957990638952342738e-02
-7.420249442683251456e-03
-1.674807429167634032e-01
-3.965079264637990514e-02
2.208397895851026416e-01
6.244279107986308031e-01
8.054517370027873824e-01
-4.205869586125626780e-01
-6.500167635493607765e-01
-1.443007298965586216e-01
-5.036776246761587306e-01
-8.327268861938489364e-01
-4.932713030738627991e-01
-5.415942639287385507e-01
-5.744523616131241156e-02
1.286995580732903655e-01
-1.427924743418546305e-01
-9.173169662701802229e-02
7.304336499659240534e-02
3.904628146492590823e-01
2.801895773023226760e-02
3.715751280953088487e-01
-6.018310058637317272e-01
-1.028166320078234691e-01
1.734111121794352228e-01
4.350383462036055970e-02
4.246653204674644827e-02
6.253394651473541677e-01
3.038770955413373498e-01
9.669400754858224756e-02
-3.402612085923380492e-01
-2.372138490375655384e-02
1.522168100532508839e-01
1.047906765498343301e-01
3.952311927025326521e-01
1.995978666810167557e-01
1.940211752926842559e-01
3.654804248655069143e-01
6.470309129437800122e-01
4.295295864856318313e-01
1.718987832579394193e-01
6.298826077578672644e-04
