7.724657224919777299e-02
1.848451399168058729e-01
9.851734333003181465e-01
5.753764386157824706e-01
3.493511061791558237e-01
4.636722950387817122e-02
2.191337417659168008e-04
3.945498293965261083e-01
3.573925927433931893e-01
3.923487774114026716e-01
9.198458128940503187e-01
6.031184340267999877e-01
-2.466154691773511654e-01
4.180277642813923222e-01
1.603860887711131000e-02
3.091277677901554388e-01
-7.018580550082628156e-01
2.167288230531589088e-01
4.486570217120783299e-01
3.820247321236869831e-01
1.124431323652982408e-03
8.277568603174895179e-01
7.238051744389177866e-01
7.806595192286910345e-01
6.763280860634184322e-01
-2.441629469370681094e-01
-3.602083261307175155e-01
-3.835334629943857321e-01
-4.253858122506304351e-01
-4.302532785755953659e-01
-3.771198335080818143e-01
-4.089896369803144860e-01
-7.346805345531673415e-02
7.487341794115462967e-01
-1.541955890336687562e-01
3.902468882998407773e-01
-7.206432345329508715e-01
1.633874206710073940e-01
2.443242077542527035e-01
4.467859431575352258e-01
4.508986877223425949e-01
-4.417732480074862411e-01
-2.705258014138569589e-01
4.889139352680267614e-02
2.248384863802765921e-01
1.412163528081341046e-01
-1.071105779078430076e-01
2.516745160777818582e-02
1.275099225821817728e-01
-1.123453450952646426e-01
4.629475492935941627e-01
-8.212339500863387320e-02
1.193028301181168205e-01
-3.607508358004736237e-01
-1.321439240631302470e-01
1.479841296077489543e-01
4.228053266139074617e-01
4.409312846215555637e-01
1.918825492138201416e-01
-3.018377937480090645e-01
3.423309609951295518e-01
-1.934047655513849162e-01
-2.081195028155477800e-01
-9.285764374392634357e-01
-8.043891143070515115e-01
-1.089628768685264593e-01
-7.495673844175468892e-01
-9.552439689759865127e-01
-1.000000000000000000e+00
-3.341217938323580161e-01
-8.248363784256029785e-02
-2.540455891858927062e-01
-4.426770438585923007e-01
-4.586796905393877299e-01
-4.451193539295461021e-01
-1.000000000000000000e+00
-9.981816576342767977e-01
-4.251270684813004963e-01
-1.477618012158821853e-02
6.952763517380821101e-01
3.144647196522099564e-01
4.715088025226300550e-01
-2.783287170744786487e-01
-4.024442215935207789e-01
5.461159192841548160e-01
-1.146206188641790691e-02
-9.495549979966295684e-01
-1.000000000000000000e+00
-6.125247927482919685e-01
-2.608217308310359361e-01
8.426418681814610290e-01
6.262230368969098349e-01
-3.404374325511296817e-01
-1.822543030704694145e-01
-2.589772158081386499e-01
-6.909267501390543575e-01
-3.818155045882747067e-02
-5.558246285490249516e-02
-3.456828971604376105e-02
2.148322346949748107e-01
2.720416178557711825e-02
-5.401819828905950888e-02
7.649873134838874877e-01
-8.923831774169993514e-01
6.540473190069248655e-02
-1.452602048178965044e-01
6.252165160864061599e-01
5.875711685078036650e-01
7.117066479930343748e-02
8.429757812799106853e-01
4.367350548841713587e-01
1.949253839522059328e-01
2.433929851405255418e-01
-2.902271380193751082e-01
-5.768671826060962626e-01
-2.771375471276978364e-01
-1.955578152872995967e-01
5.181531678567961041e-01
1.264316893257148022e-01
1.487103962051854467e-01
7.272695093756668117e-01
2.621942835042787023e-01
6.612177626116866325e-01
9.576287533625861270e-01
4.541943650312257885e-01
8.748615510701877040e-01
-2.663968083773985973e-01
1.218168816528876347e-01
2.637369273060823915e-01
-6.056245951282427861e-03
2.627784922539241896e-01
8.855703204671889761e-01
-7.664483455249770927e-01
-1.097499887270620422e-01
-3.765693274355216835e-01
-9.334687089302805552e-01
1.000000000000000000e+00
7.254066642431366008e-01
6.380736977047566372e-01
2.700207075541915525e-01
4.836288659745279772e-01
3.859353523268504449e-01
7.211521781259822017e-01
2.639462338953948439e-01
-3.106681717839860843e-02
3.886158978895663529e-01
-5.094386220004822885e-01
-6.138713222187419660e-01
-7.218515691864302308e-01
-5.905253045565920234e-01
-1.000000000000000000e+00
-8.184452203375387480e-01
1.772383647033389520e-01
-2.229322466580686002e-01
-2.354482381689234072e-01
-1.000926545373112680e-01
-2.408306717568680366e-01
-3.317909000452628487e-01
-6.263694442790997130e-02
-1.255831177035406920e-01
-5.048533374706954957e-01
2.500290737922004070e-01
6.998242242850652994e-01
7.595926903200905800e-01
-9.007518457498758790e-02
9.930626678447375122e-01
-4.025239607739946601e-01
-5.473483879472981206e-01
3.014054834187364085e-01
-4.074958238168234770e-01
9.787002944962908124e-01
9.867350220814463668e-02
-1.427111593259022260e-01
-8.929838595100286769e-01
-5.087647306343401343e-02
1.124902806293456015e-01
-3.113059728336833865e-01
-2.809883816228408646e-02
-7.979806333409905639e-01
-8.502746240453734616e-01
-4.313528314810775033e-01
5.885642860694423328e-01
-2.272002658755462590e-01
4.553328725966666046e-01
-6.076738145185139883e-01
-7.494074364198898275e-01
6.263742661931527289e-01
-9.400924695768744233e-01
-8.173007089972271766e-01
-1.946949494341130293e-01
8.260082446726506600e-01
4.716772066963974552e-01
2.426450393208391398e-01
8.647487043763126824e-01
9.091807271257258405e-01
2.122018842942799688e-01
7.229534989873630524e-01
8.540454648609288046e-01
1.000000000000000000e+00
1.153945226327902085e-01
1.799758642047167290e-01
1.458680480286112524e-01
1.000000000000000000e+00
6.203343013223131530e-01
5.273818209131709844e-01
1.871901625066859365e-01
9.356239788335687368e-01
7.125172776697434873e-01
1.124605073847995962e-01
6.627913525705966258e-01
-4.434173104720676717e-01
-1.000000000000000000e+00
2.140089885166013561e-01
8.081236711663923877e-01
4.776773612158593529e-01
-1.934014867311116825e-01
9.731468717478626573e-02
4.433686041124482724e-01
3.018328598094391357e-01
-4.112066636013572696e-01
2.194497222208319220e-02
4.359498377022557464e-02
3.218482156884968498e-02
1.202472339545511970e-01
-8.880516375705266308e-01
4.978701045089374555e-02
-3.195805486907004056e-01
2.643932649628258913e-01
2.538229222578202160e-01
2.546973451281348555e-01
6.810814626106036496e-01
1.707486460416324237e-01
4.266684719708084272e-01
4.053959375837917767e-01
3.756092541872182444e-01
1.080324362189014065e-01
-7.128949680894688945e-02
-7.322121813419560366e-02
-2.777389635597515283e-01
-4.812948703613098012e-01
-4.455505769936619620e-01
1.729330920501439550e-01
-1.000000000000000000e+00
-4.281668075047904282e-03
-4.857879912771767561e-02
1.037923128544226831e-01
1.858986464144077033e-01
1.148926328038661071e-01
7.675066566226000919e-01
8.011250882189897560e-01
-3.812364121984189169e-01
-5.907772468997973814e-01
3.091390478692972454e-01
3.119371654634376934e-01
-3.501961035999477390e-01
5.592334241078888990e-01
4.011321092878185057e-01
2.884174853969681540e-01
4.138095757473000402e-01
1.443053946957266742e-01
4.958727962899541764e-01
-5.155068816193992820e-01
-1.000000000000000000e+00
-1.000000000000000000e+00
6.511563228237490786e-02
-5.730537772654986650e-02
4.033055929147854046e-01
6.864313872887156665e-02
-1.463622648731274511e-01
-1.877411150555260699e-01
-4.697227062211054016e-01
-4.595363409880927064e-01
-1.725203061610790789e-01
2.910083898137761360e-01
-2.007735185986082027e-01
1.397122067417259916e-01
2.286680943828660051e-01
6.356898268067219249e-01
2.436032891614431928e-01
-7.168467857586601211e-01
-5.652848833408935514e-01
2.992700210178118048e-01
1.331926884144666867e-01
7.069031250474760997e-02
1.229800522559059278e-01
5.108356346387439295e-01
-1.076435173279130519e-01
7.530054458950642404e-01
6.520066308431726743e-01
8.071800121836414377e-01
3.429710317117239948e-01
2.287006726507487819e-01
5.283772048795791765e-01
6.242714967325333486e-01
7.269738764592459379e-01
4.937264455505370186e-01
4.197893221607691405e-01
3.258212771778332684e-01
4.413400506725265737e-01
5.342185445999176885e-01
1.550349940659626891e-01
5.485821772564335452e-01
-7.530025661780438417e-01
-2.992866847029262978e-01
7.201550267324707821e-02
3.230143333068755118e-02
5.982194365503444855e-01
3.360390853980944614e-01
6.447576471800057218e-01
6.307627346107987920e-01
-6.004870201037395550e-01
-5.340731109437388824e-01
-1.324565902072322165e-02
-4.087210447835616933e-01
-2.865719872516099831e-01
-6.410221217424790785e-01
4.203244512783791964e-01
7.045846159966704381e-01
5.759273945040320752e-01
5.222745731513098733e-01
-3.390276436447050568e-01
-4.644732402605247779e-01
2.219682500764809940e-01
1.025513582118470074e-01
5.298133436491038184e-01
1.645118666521520334e-01
2.729444653235325036e-01
2.596107449072763695e-01
3.721260955385530811e-01
4.838361716854142069e-01
4.711412216650234797e-01
-3.342567260943536400e-01
-3.598663832468516066e-01
-3.695859691428472760e-02
-6.098775303750947341e-01
-3.680529614541409034e-01
5.926415878662844028e-01
2.204919429442935563e-01
4.119052639905879110e-01
2.506340536799788743e-01
-4.522469983619923362e-01
3.775222653838267162e-01
4.884295496088839617e-01
7.021045360830930893e-01
1.267853412126027368e-01
4.248954577571522617e-01
8.173047123890593291e-01
3.157184997004283122e-01
2.572733274748251198e-01
2.377628986155472524e-01
2.120095740502717652e-01
1.125036891276934709e-01
2.501723859834207309e-01
4.485783992277943000e-01
8.298838701306781029e-01
7.650241497334600016e-01
8.034008759025565993e-01
-2.027738056581062168e-02
4.987933258846828366e-01
4.189363151380139927e-01
1.954094710735559404e-01
8.396145473707143925e-01
6.426471155696714121e-02
9.471732591931785183e-01
9.050905015894059602e-01
6.644317107567648817e-01
3.060652185240252954e-01
-8.517749158876899984e-02
-3.632045935914787194e-01
-6.716849039685530709e-01
-5.111382369730348429e-01
-5.786508304034994055e-01
-3.705644030879702289e-01
-3.877959241371600196e-01
-4.069671494394774269e-01
-3.755425980093610172e-01
-7.705575885686004600e-01
