-2.503895584000844776e-01
0.000000000000000000e+00
7.093154238660596134e-01
9.999966654228045204e-01
1.114551888366180632e-01
1.303994728938003556e-01
0.000000000000000000e+00
2.263489909944585321e+00
-2.812850620429059312e-01
1.413092760886403704e-02
9.179733019258021209e-03
-2.839482198367539456e-01
2.565341765787089723e-01
2.928621206842715319e-01
2.885212943065620927e-01
2.896572514604779935e-01
-1.453375765554684174e-01
1.144789206477906662e-01
2.524565977634520963e-04
-1.633578875267653174e-03
4.309877296016440540e-01
6.431018457379169551e-01
3.866067806436317422e-01
-4.294230260917671765e-02
3.489412468295895187e-02
1.328853699383396036e-01
1.508030895850137887e-01
3.031774171649262994e-01
2.801980949751352035e-01
-9.973187064253510314e-01
-2.132527901260812542e-01
-2.225663930368320387e-01
7.218717506384265958e-02
2.560251449967869755e-02
5.102549684313987255e-01
9.117096796201133724e-02
-1.398781431184878410e-02
1.122229716635452235e-01
-1.582008923962421043e-01
2.031511085829341978e-01
9.242539661802395834e-01
-2.282865922684021998e-01
-6.324223405741695725e-01
2.213499282867367468e-01
3.833113519797461954e-01
-6.659255203664602440e-01
-1.570865092956873210e-01
2.655623798208801151e-02
4.863168089311174502e-01
7.494753495922623632e-01
7.206786550151160764e-01
4.180146414541865418e-01
3.732548378722033156e-01
-5.313618454026575177e-02
2.388985697079491488e-01
-1.991888936348536719e-03
-1.653756195303870968e-01
-9.232575332495238651e-01
-4.594233131711849549e-01
3.938412093456175600e-01
-4.421093061331306251e-02
4.068896477581017412e-02
5.025763392209915692e-02
-1.229915705561583084e-01
6.440293039183862811e-02
8.104911294101279085e-01
9.745394806051912440e-01
2.849666822523061471e-01
-2.531836719535109914e-01
-3.731475004403186913e-01
-4.205088080881271007e-02
9.949907323255914315e-01
9.914289428715484798e-01
9.955064692677154659e-01
-6.145814917521318088e-02
-4.975519586249467496e-02
-3.525807238660556148e-02
2.935214737968021570e-01
2.061409065928162532e-01
-2.367679359644459525e-01
-2.029099443276503045e-01
-2.635440610934021155e-01
1.236077703003607281e-01
1.585055776126262916e-01
-4.807802694917464037e-01
1.009778451407790795e-01
1.016502668878112997e-01
5.426657992038900341e-02
-2.206325847771325177e-01
9.972332546835177558e-01
4.575855729826769913e-01
-7.365174546050338167e-01
3.946592221160242220e-01
8.445055735284278109e-01
1.148444089383515374e-02
9.025451427626417500e-01
1.549775388038954760e-01
-2.262637306284573727e-02
4.124696237909893370e-01
4.508767215413192475e-02
3.153159159940050610e-02
4.148776273759766653e-01
1.449312034347023936e-01
-3.003589039668558835e-01
6.149352570533764828e-01
6.281848104341469785e-02
-9.817878244234709562e-02
-5.670832874908529053e-01
-5.484207676569025081e-01
8.649464536970492556e-01
4.118954432102077123e-01
6.221132175170959178e-01
-5.439123584423728452e-01
-9.103891998033072364e-01
-4.509892436961937534e-01
4.853774182849762142e-01
6.783727104921032369e-01
9.917058609382846113e-01
-6.730565827778411947e-02
-4.062660765881006414e-02
1.000000000000000000e+00
6.198113451605865576e-01
-1.410610764159551112e-01
6.200312679856430087e-01
2.985479295937217281e-01
3.806176113570079456e-01
3.713357501823350004e-01
8.898251559157795143e-02
1.493791152926693400e-01
-9.039297187736021477e-02
9.977316104872262226e-02
9.928946543451733220e-01
-5.133785790271605531e-01
4.238676095790126497e-01
6.989310830868383784e-01
9.974677886558257489e-01
9.931442104807149951e-01
9.325174180322020057e-01
1.000000000000000000e+00
6.518646893007575827e-01
9.416188636148938862e-01
1.000000000000000000e+00
1.000000000000000000e+00
-1.126860272363894716e-01
7.472135358917943171e-02
2.151822592717550775e-01
1.173029264701384855e-01
1.894505738565891162e-01
2.112126800817974437e-01
3.152623378050587455e-01
-1.526879240461953557e-01
-1.759030156181209947e-01
-1.780305277663115637e-01
-7.947843848276414658e-02
3.308003780498271484e-01
2.390351288278855513e-01
1.676218331731878786e-01
1.513220331106684136e-01
3.083887000399060385e-01
1.282802334504749286e-01
4.003378518060275032e-02
2.138197443637702699e-01
-2.221490974581916966e-01
3.756141881682017319e-02
1.280717237560022662e-02
2.694262518624192249e-02
1.613071479073482917e-02
4.128078430749840960e-02
9.846342865687522650e-02
9.467704850947754325e-02
1.117051494364246049e-02
8.372835332306883746e-03
1.206689902400914435e-02
1.306800710910006359e-02
1.118650076809438870e-02
5.748202464549489327e-02
7.679408414519005299e-02
7.309731510868475168e-02
7.918000640100492094e-02
1.141285646482707167e-01
-1.673779819945062641e-01
3.904163530044721386e-02
5.523951414515961000e-02
-1.636402849803461068e-01
