-7.968996728285211717e-02
2.438117612378077337e-01
9.742327504291439233e-01
5.081777270152479931e-01
3.488012357901347227e-01
4.234120114534461327e-02
3.224163645861562524e-04
5.307041799743709154e-01
-3.331488768821858626e-01
-9.684547021632102792e-01
-9.685702378466601870e-01
-3.653108286959877993e-01
-5.068079843743206192e-01
-9.870282839652337881e-01
-9.699993825927608615e-01
-7.819485642612347132e-01
-4.741585926636199821e-01
-2.505450798277543689e-01
-6.430592627941783546e-01
-5.940298195273898685e-01
4.951615544644308864e-01
4.577097143332501950e-01
4.881798903412641333e-01
-2.821396611755990214e-01
-1.444940422892379284e-01
-6.354400065873341830e-02
-7.869255595178492602e-02
-1.567118507897575508e-01
-2.110246617401524416e-01
-2.984808075209720579e-01
-2.622468694771293296e-01
-2.858435687813357107e-01
-4.154302129782397324e-01
3.197422746979694530e-01
1.437207321695831708e-01
6.133553439128423823e-02
8.228008185474272596e-01
5.470912899337257995e-01
7.231315732006532437e-01
6.756513189878878833e-01
2.060693464964128141e-01
-2.520743084506000264e-01
-3.523928643256610260e-01
-1.000000000000000000e+00
-8.851162775087478840e-02
8.918038916152196127e-02
-2.150921719152542044e-01
-3.436603580775005606e-01
1.000000000000000000e+00
1.000000000000000000e+00
9.959051795337388047e-01
1.000000000000000000e+00
9.025495522382851465e-01
-9.464584982710646521e-01
-9.214166201266841272e-01
-1.000000000000000000e+00
6.425792147489285400e-01
4.526158254003059267e-01
1.062016110733688956e-01
2.035211749301676920e-01
1.218861391142584266e-01
-8.607188120063450354e-01
-1.000000000000000000e+00
-6.108184297177668975e-01
8.592547677569521980e-01
1.000000000000000000e+00
4.169501258845389469e-01
-7.946844927294098859e-01
-3.028291151188814423e-01
1.000000000000000000e+00
6.858881180006836109e-01
2.179366138418687912e-02
-9.141307504918596560e-01
-3.569484654186152461e-01
2.389512944307332076e-01
9.978710490727762394e-01
5.474203794838516934e-01
8.696851489628241172e-01
-1.000000000000000000e+00
-6.111768953547729311e-01
-9.918027945323529826e-01
-2.546067049650543312e-01
9.730765327633928985e-01
6.760444108932288643e-01
5.610554957043409896e-01
5.651735003027287263e-01
1.000000000000000000e+00
-9.556498809109832404e-01
-3.775764434851260898e-01
4.045561613905735987e-01
7.601950741141098034e-01
1.000000000000000000e+00
1.000000000000000000e+00
-3.471422287973320864e-01
8.626931348285442613e-01
-1.790454865638629878e-02
1.000000000000000000e+00
1.000000000000000000e+00
1.000000000000000000e+00
-2.432786358683836081e-02
-3.405062615801867504e-02
3.125704985450371010e-01
3.498708735852580909e-01
-7.193202548804573659e-01
-1.129121770683151338e-01
2.983866196908044888e-01
9.528858272114296701e-01
7.333557289721563954e-01
4.594439748979293192e-01
9.150914310021238673e-01
9.550888040014482439e-01
1.000000000000000000e+00
-1.870456136125195346e-01
-4.125089400681367091e-01
-1.000000000000000000e+00
-1.000000000000000000e+00
3.614532848784935970e-01
4.795906411109548406e-01
7.683681163075664067e-01
8.811785563077451089e-01
9.042083408334065098e-01
8.099593184566007409e-01
-2.962950333254564528e-02
8.406695289500663026e-01
1.000000000000000000e+00
6.057313451452995823e-01
-2.482669962405727737e-01
3.767912650722834988e-01
4.395338478968776053e-01
8.810971001124787705e-01
8.830314975481380335e-01
-2.465814596570396200e-01
-4.871634232839774925e-03
1.540551569719930403e-01
-9.971858835489676443e-01
-2.262447479641305770e-01
-1.177262397176626757e-01
-1.426680502811658313e-01
-2.053866440640881308e-01
3.199109775309348924e-01
6.036838145404624933e-01
4.856097438706623304e-02
-4.486314933201444588e-01
9.416912275599648163e-01
9.250641942766275605e-01
-1.244359601794292336e-01
-5.677899053943926549e-02
1.000000000000000000e+00
9.159198062208832036e-01
1.000000000000000000e+00
-9.419357716754264143e-01
-9.511678794297944162e-01
7.701547333747614799e-01
9.671092575832961336e-01
1.000000000000000000e+00
7.405426884939735332e-01
4.279789313366709758e-01
9.996459732080904548e-01
9.838094810211214236e-01
3.710753700780226594e-01
8.088306446399168292e-02
7.805928696956717650e-01
9.979167617344587571e-01
1.000000000000000000e+00
5.899821750489908645e-01
3.854390673095018927e-01
4.614332584085459321e-01
-2.668849464663201540e-02
1.000000000000000000e+00
-1.698548457742167506e-01
4.029202817547666848e-02
1.929681640293090528e-01
4.257731361906178513e-01
6.678792551990345716e-01
1.000000000000000000e+00
-7.294283919987003539e-01
2.131213206050796838e-01
1.000000000000000000e+00
1.000000000000000000e+00
1.517044984496770665e-01
-2.023483320628482185e-01
4.756002955274014621e-01
7.284721028873664128e-01
1.000000000000000000e+00
1.000000000000000000e+00
1.000000000000000000e+00
5.031181175317021026e-01
-1.267076179337107422e-01
9.810269344047569673e-01
2.718177020133303867e-01
1.120901608183511033e-01
5.377191005860553208e-01
9.094244611244279852e-01
-2.102864186442507388e-02
-2.490082073107850388e-02
-5.801374031194631575e-01
-9.874512585258606867e-01
-9.474834437428671929e-01
-9.595637320122542002e-01
1.000000000000000000e+00
1.000000000000000000e+00
1.000000000000000000e+00
1.000000000000000000e+00
1.000000000000000000e+00
9.889851848492673403e-01
1.000000000000000000e+00
6.845413597755013457e-01
6.720249901322262742e-01
-4.869577253317350363e-01
9.840741169315020409e-01
6.441392050110655854e-01
8.528117469363430958e-01
9.133566463357816190e-01
7.466425966850993579e-01
5.607580143958830199e-01
-1.682412037926640513e-01
2.328586360023927188e-02
8.074859011478082715e-01
6.618849695718465043e-01
5.379392293006625136e-01
4.924793709805534991e-01
-2.478171169766609505e-01
-9.134569936233383203e-02
-2.582591178747911109e-01
-2.575991436687578573e-01
-4.517414619056838720e-01
2.852571693299722488e-01
3.304182549792623602e-01
2.122834620437879516e-01
-7.975706221411424379e-02
7.457089107437113729e-01
1.000000000000000000e+00
1.000000000000000000e+00
2.201625047849340155e-01
1.821763196897121725e-02
1.066067699916189819e-02
1.585223255253726815e-01
1.053439908695032734e-01
-5.897525561409422239e-03
-7.991053896828741177e-03
-7.571010650666950420e-03
-1.178000013507893989e-02
1.122514055775652164e-01
1.534759768810099456e-01
9.592916732691822088e-03
6.792049640469379444e-03
4.181291917490742582e-02
1.000000000000000000e+00
9.951044645826115920e-01
9.668363395164533136e-01
-7.724731427415929552e-01
-8.429676606699108010e-01
-1.000000000000000000e+00
-3.607030755300490998e-01
-2.459138675895551074e-01
1.000000000000000000e+00
1.000000000000000000e+00
1.000000000000000000e+00
1.000000000000000000e+00
4.919421778411389723e-01
9.312072637968544786e-01
-3.702075539416076477e-01
1.736072747174595421e-01
-2.129949819769406116e-01
-1.000000000000000000e+00
6.490289657077201735e-01
1.000000000000000000e+00
1.000000000000000000e+00
9.996672664046062362e-01
1.000000000000000000e+00
9.980288818016613828e-01
8.711974489952341028e-01
9.963229314504424838e-01
9.190670377940524105e-01
8.208381154980838312e-01
9.820762007876602251e-01
-3.215112078281016084e-01
-1.802160827963203982e-01
-9.824642643789590624e-01
3.736066445313704354e-01
-2.082406764027591450e-01
2.230057846978786285e-01
2.139947697032791862e-01
3.298385558475705470e-01
3.853730604228922663e-01
1.000000000000000000e+00
1.000000000000000000e+00
1.000000000000000000e+00
1.000000000000000000e+00
-3.035082855970153703e-01
-2.391599898993963802e-01
-2.859872407733659583e-01
1.411912728067779288e-01
8.736000676282744681e-01
6.916234118067224879e-01
5.439301502764499752e-01
8.070613361148347709e-01
9.951175553368575288e-01
1.000000000000000000e+00
3.647157307769485768e-01
3.283151434543014058e-01
3.474390232898881825e-01
4.369308567315108999e-02
-3.475627703423638803e-01
9.853558145117656819e-01
1.852674741144882953e-01
1.563530988921847942e-01
-2.284626875661731338e-01
-8.318512560836995862e-01
-5.983641655917218971e-01
8.989330477867536473e-01
3.711002570019357738e-01
7.849084084322844879e-01
9.326220189642716596e-01
1.127135279904502296e-01
3.243451948453571210e-01
-5.865709033896308044e-01
-9.388686389176933988e-02
-1.286723519598246268e-01
9.898764773709117781e-01
7.924065043887827953e-01
9.746860179331564566e-01
8.417619946408024800e-01
-2.724388950699742074e-01
-4.178774675995921561e-01
-3.217765267448958189e-01
