-1.331203177240271041e+00
2.368253651478656963e+00
8.621702258516802386e-01
6.727187885476976215e-01
1.294320928401333434e-02
9.999999999999999547e-07
4.139795893884739598e-03
5.266669523301400480e-01
-4.687895546776201794e-01
3.954401046982196632e-01
4.988976476606224453e-01
-2.017632003233712223e-01
3.028102626223985738e-01
6.300471156401226125e-01
6.723361193853646389e-01
9.455888314546053719e-01
8.690869089012166482e-01
6.842881927125702424e-01
-8.199621560511931584e-01
9.376946475265711400e-02
7.827766867166325859e-01
-7.967713066613334449e-01
-9.989271708758256096e-01
-6.107570141133791264e-01
-1.000000000000000000e+00
-8.582587704992221678e-01
7.583367388220960681e-01
8.480192603050115130e-01
8.564648823522045262e-01
-1.000000000000000000e+00
8.002435578169914132e-01
4.718485129173619619e-01
1.000000000000000000e+00
1.000000000000000000e+00
-1.000000000000000000e+00
5.928041141285607107e-01
1.000000000000000000e+00
9.970981491583575940e-01
9.950132401179212494e-01
9.900061998528892904e-01
1.573718578672575821e-02
1.000000000000000000e+00
1.000000000000000000e+00
9.169189247026895417e-01
-2.563079980830494931e-01
1.000000000000000000e+00
-1.000000000000000000e+00
-3.405637389052154629e-02
1.000000000000000000e+00
9.230613687116228094e-01
-8.497882213965364251e-01
8.560017131018902159e-01
1.888928472707910866e-01
8.299870585793925892e-01
1.000000000000000000e+00
-1.000000000000000000e+00
8.119394167918989602e-01
1.000000000000000000e+00
-1.000000000000000000e+00
-1.000000000000000000e+00
1.000000000000000000e+00
-9.284294603670402157e-01
2.061911077977018336e-01
-1.000000000000000000e+00
1.000000000000000000e+00
5.977914492573955796e-01
-2.373469537681785757e-01
1.000000000000000000e+00
-2.957999895823889558e-01
-1.000000000000000000e+00
-9.514545090909701797e-01
1.000000000000000000e+00
-2.791751226318793799e-01
1.000000000000000000e+00
3.946282645074916107e-01
-1.658489191096974291e-01
1.601216645545639472e-01
-1.000000000000000000e+00
-1.000000000000000000e+00
9.500273299740690236e-01
-1.000000000000000000e+00
-8.380848292282946921e-02
-1.000000000000000000e+00
1.000000000000000000e+00
-8.137146895868169194e-01
-1.000000000000000000e+00
1.000000000000000000e+00
1.000000000000000000e+00
1.000000000000000000e+00
-4.467508930937917344e-01
-3.701332586762193233e-02
1.000000000000000000e+00
9.228267776211869222e-01
-1.853121099492520130e-01
-1.000000000000000000e+00
-1.000000000000000000e+00
9.955226228346280015e-01
8.285871802613973269e-01
1.000000000000000000e+00
1.000000000000000000e+00
2.582998806951204984e-01
9.991473327673147109e-01
-9.360720364584210751e-01
-6.698237107697760928e-01
1.000000000000000000e+00
1.000000000000000000e+00
-9.571317156996124176e-01
-1.000000000000000000e+00
-9.203988696599657571e-02
1.000000000000000000e+00
1.000000000000000000e+00
-7.097085397950410046e-01
-1.000000000000000000e+00
-7.383238984034639074e-01
-8.386844807826203674e-01
-8.182640112278860567e-01
8.170062481931206211e-01
7.895371889535058862e-01
7.815149787880854015e-01
5.550487716895979862e-01
-1.097287334434552952e-01
8.090389520310889981e-01
6.903038084190414869e-01
-9.909194951089920211e-01
-6.469159648084880088e-01
-1.000000000000000000e+00
-9.908040393503566579e-01
-9.726669372239961087e-01
1.000000000000000000e+00
4.119038760312301872e-01
1.000000000000000000e+00
-9.383730546452546950e-02
-8.655128991910377989e-01
-9.515629820471444011e-01
1.000000000000000000e+00
9.850923630569132783e-01
5.624045111134678976e-01
7.889065468551870186e-01
3.157444797567436623e-02
-5.427674647107244565e-01
-6.286392821499569017e-01
3.989718037003662232e-01
-6.238556952563766300e-01
-1.000000000000000000e+00
-1.542389880402582070e-01
-9.328260005663631116e-01
-8.888123619276367959e-01
-7.842770704944350690e-01
2.579049043607344327e-01
-5.412460492273184487e-01
-2.893627132754135189e-01
-2.386125243818060793e-01
3.946175207269474461e-01
6.897825366716626716e-01
5.083810657947599454e-01
1.000000000000000000e+00
8.720428055284994429e-01
-4.584804226483182865e-01
-6.455266441552836021e-01
-1.000000000000000000e+00
4.482632454879024730e-01
7.434508808998092910e-02
-2.255623221979031201e-01
1.000000000000000000e+00
1.000000000000000000e+00
1.000000000000000000e+00
1.000000000000000000e+00
3.465835759905306901e-01
-1.000000000000000000e+00
-9.970723971468113955e-01
-1.000000000000000000e+00
-1.000000000000000000e+00
9.985719968108668354e-01
9.848405625577765221e-01
7.500564732870217410e-01
7.383984595080617108e-01
4.150582896647899561e-02
1.000000000000000000e+00
