1.971026614865417637e-01
3.263637504805318446e-01
1.000000000000000000e+00
7.000382817545793834e-01
4.400094812801250699e-01
4.838082831078393403e-02
4.070379259115403233e-04
3.114636425968393407e-01
-5.852910263888323472e-01
-1.824911964633655348e-01
-4.485288092398860282e-01
8.428208435629189754e-01
-9.929842510618590579e-01
-1.000000000000000000e+00
6.943459593287633069e-01
6.266653859161841478e-01
4.939536858168247502e-01
-9.391489683373033248e-01
-2.552037504173759186e-01
9.874404022174786411e-01
9.845300175303758339e-01
1.000000000000000000e+00
9.918232754328195622e-01
-4.173283976176064280e-01
-9.997849716368645279e-01
-1.715055906555858212e-01
-1.000000000000000000e+00
2.789114764487973241e-01
9.445545876955986353e-01
9.898187661264810089e-01
-2.560368534872407495e-02
1.000000000000000000e+00
1.252437429164615368e-01
-1.702935512742590196e-01
1.000000000000000000e+00
-1.000000000000000000e+00
-1.000000000000000000e+00
-1.000000000000000000e+00
-4.809188819775977453e-01
-1.777249138887785351e-01
5.222550043989113711e-01
1.000000000000000000e+00
-2.319341657351800534e-01
-9.918614817156541363e-01
1.000000000000000000e+00
-6.545598936054404238e-01
-8.444740454835262256e-01
9.986483121870447510e-01
1.000000000000000000e+00
-1.000000000000000000e+00
-6.376094873645075101e-01
-1.000000000000000000e+00
1.000000000000000000e+00
-1.000000000000000000e+00
-3.444557686086852644e-01
1.000000000000000000e+00
-9.939615323092936272e-01
-5.060842384214705447e-01
-6.851990473292846051e-01
-3.144177546893860975e-01
-7.414201298058626932e-01
-9.742539734531645568e-01
-9.750553062529462300e-01
-5.761867346886864194e-01
1.000000000000000000e+00
1.000000000000000000e+00
-1.000000000000000000e+00
-9.442110210998729825e-01
-4.192340358620240126e-01
-4.605772391095033225e-01
-1.000000000000000000e+00
-1.000000000000000000e+00
5.335038857611620888e-02
1.000000000000000000e+00
1.000000000000000000e+00
1.000000000000000000e+00
-9.819766109047218805e-01
-1.574909420720130571e-01
-1.000000000000000000e+00
-7.542787366954379902e-01
-3.340023108007503239e-02
5.899740577662283547e-01
-2.430601001631214619e-01
1.000000000000000000e+00
-1.000000000000000000e+00
-9.103213775552553289e-01
-8.481141968585709234e-01
-7.397489454564812883e-01
-1.000000000000000000e+00
-9.500304586716999955e-01
-9.429165306800593171e-01
-5.576466548593473488e-02
1.763493700899938788e-01
2.983455144297281758e-01
-5.775113047254853971e-01
-6.263932773308423796e-01
1.679783800733084531e-01
9.416623649948456798e-01
-8.674307679548706185e-01
-9.054226936649423241e-01
-1.000000000000000000e+00
-9.836952786325240394e-01
-9.094673074782794187e-01
-9.867826511198203310e-01
-1.000000000000000000e+00
-9.901592673490475782e-01
-1.000000000000000000e+00
-3.671808226211125681e-01
-7.042530444929632205e-01
8.716284440788385490e-01
1.000000000000000000e+00
-1.000000000000000000e+00
9.375752943707059694e-01
-7.741253276547499507e-01
2.035351633241194447e-01
9.282682025306639995e-01
4.353585879358852773e-01
9.974204963470516550e-01
-1.000000000000000000e+00
-1.084404025642879826e-01
-1.000000000000000000e+00
-1.000000000000000000e+00
-7.605839598684633884e-01
7.415848191497100006e-02
-2.301185406279176726e-01
-1.000000000000000000e+00
-9.149683708873930232e-01
1.000000000000000000e+00
-7.016101943913833905e-01
9.563856889678644391e-02
-9.327263440507448378e-01
-9.763074028494392875e-01
-4.682377657709415053e-01
-9.924094062067916333e-01
9.307486543140387480e-01
-8.725514064567515549e-01
-1.000000000000000000e+00
3.567541524993612934e-02
4.403972549748542617e-03
7.043212600012309019e-03
4.264344062674237379e-01
9.992977778051431725e-01
-4.932695559013893782e-01
-8.296555538136738406e-01
-9.628027705765869193e-01
-1.000000000000000000e+00
-1.000000000000000000e+00
-3.195672433008631685e-01
-6.558993097479024481e-01
1.000000000000000000e+00
1.000000000000000000e+00
-9.846816679385395066e-01
-7.373755221172563212e-01
-1.000000000000000000e+00
-9.873354348744136644e-01
-8.114310095118295596e-01
-9.996802299385729729e-01
-4.236513910860291721e-01
3.021243191510687987e-01
9.398967371972803964e-01
5.532101839738442356e-02
7.903911040634151175e-02
1.000000000000000000e+00
-9.347026892851290070e-01
-9.963305931427270945e-01
-1.000000000000000000e+00
-1.000000000000000000e+00
7.077351173541838181e-01
9.586829148612774354e-01
-2.751385269057890492e-01
8.488894205601378307e-01
-4.261650612170148067e-01
-3.040817833851058305e-01
-2.484901953345334258e-01
3.477575176152768455e-01
-5.194487133919685196e-01
1.000000000000000000e+00
1.040211173325954336e-01
-9.887839199187743455e-01
-6.295720333643990418e-01
-2.848855052263659648e-01
4.549081467749347546e-02
5.067236665831285070e-01
-8.328134767610300138e-01
-8.921585052348108835e-01
6.675037999035509095e-01
6.643469038465303900e-01
9.963710264289500351e-01
9.794577705810221246e-01
4.659517924453775994e-01
4.082084473129591329e-01
-1.000000000000000000e+00
-8.705942137398785530e-01
1.000000000000000000e+00
-2.159571338095085322e-02
8.237242844512769890e-01
6.266259825113715265e-02
-1.000000000000000000e+00
-2.826174681541539502e-01
7.355461479750216025e-01
-9.357580124005245858e-01
-4.192470275358992637e-01
8.989643444273116568e-01
1.000000000000000000e+00
1.000000000000000000e+00
-2.810543003636251091e-01
-1.990376934569897671e-01
-1.000000000000000000e+00
-1.000000000000000000e+00
9.700496782527409101e-01
3.584067465719350531e-01
-7.019301711586453107e-01
-4.535391126204454948e-01
-4.269922267025851315e-01
-4.290186448266154473e-01
-1.000000000000000000e+00
-9.606202004618875634e-01
1.000000000000000000e+00
-3.424287728327252700e-01
-1.000000000000000000e+00
-1.000000000000000000e+00
-1.000000000000000000e+00
-2.330360483708965036e-01
1.169054431604859556e-01
-8.952865777199876529e-01
1.843906746381594186e-01
-2.189673296229303068e-01
-1.031762028432585965e-01
-8.536626711298428427e-01
-1.000000000000000000e+00
-1.000000000000000000e+00
-1.000000000000000000e+00
-9.970463999633177865e-01
-3.362662918464521811e-01
8.662071203046131096e-01
-1.000000000000000000e+00
-2.024595719472053468e-01
7.061428419770031661e-01
5.980356422853220222e-01
9.967522706234835939e-01
-5.926283356784334266e-01
5.570625347225409696e-01
6.608851149701956418e-01
-5.308166796423697820e-01
-1.000000000000000000e+00
1.000000000000000000e+00
-9.134158547242724469e-01
-1.000000000000000000e+00
-1.000000000000000000e+00
4.734122561729574019e-01
-9.432042384667942425e-01
4.863440076887823316e-01
-1.000000000000000000e+00
1.604608841172295575e-01
7.366313851077307406e-01
9.535181452173454586e-01
2.072311713208728201e-01
-9.141302775804639735e-03
-4.651041752221015679e-01
-6.461182686879529680e-02
9.996420865099316933e-01
-4.880475270861093229e-01
6.315993545582829216e-02
9.017979113488917564e-01
-9.965679750411499116e-01
-9.031976931971278377e-01
-9.560999563643430843e-01
1.000000000000000000e+00
1.000000000000000000e+00
-5.721331270755050102e-01
-6.232349344357288601e-01
-8.247792434009509899e-01
-6.217904856051044149e-01
-6.753704572766193737e-01
1.153650746554644446e-01
1.000000000000000000e+00
5.419443064273833377e-01
-7.914979426136610208e-01
1.410333529251547313e-01
-7.793815978245088871e-01
-1.000000000000000000e+00
3.474814790029217004e-01
6.464042421111191317e-01
5.965317460775813180e-02
1.165373920039334404e-01
3.445567554192938142e-01
-1.000000000000000000e+00
-1.000000000000000000e+00
2.194707130172757203e-01
6.640649111192810095e-01
7.595820887472779503e-01
-9.964813388133121341e-01
-1.581132288206271719e-01
1.000000000000000000e+00
5.316797282858684026e-01
7.787683400711530313e-01
-6.166992420230629213e-01
-9.793337766885402695e-01
-4.183631476100780344e-01
-8.930610569267652954e-01
-4.358286127426028722e-01
1.713705689526744125e-01
-6.293523570395882505e-01
1.000000000000000000e+00
-1.000000000000000000e+00
-9.929181060204869125e-01
-6.219216869465284958e-01
-1.000000000000000000e+00
-2.340305422567048321e-01
-3.004620043794540424e-03
-8.373613017857465257e-01
-7.337852378705626011e-01
-9.470595235195808925e-01
3.880424363108322949e-01
-3.053032555236802614e-01
-4.284457548254592685e-01
4.043459084123156577e-01
7.249919846770758181e-01
9.734989364540820311e-01
4.493648275673662318e-01
-1.000000000000000000e+00
1.682296175691910811e-01
-3.762659217819941948e-01
-9.917646429707709377e-01
5.422070788380851658e-01
-1.618375635796493461e-01
-2.535362300833848143e-02
2.136809018382610226e-01
6.004898202060594548e-01
6.909132301528574382e-01
5.286899523769966747e-01
8.615077764321760201e-01
4.190727587519886832e-01
2.395883543172513952e-01
4.621484559597863195e-02
3.191718904666639989e-01
-8.783061868858358379e-01
-9.649691994286342389e-01
-9.466494910568600263e-01
3.298576841193674725e-02
