-1.037512698378749709e-01
2.335578106945032095e-01
1.000000000000000000e+00
6.676035653849888840e-01
3.483937578107328958e-01
2.194563236318037777e-02
5.020484165054006458e-04
5.619814866680888921e-01
-4.551047602691412064e-01
-1.143492794745595287e-01
9.940184058644917497e-01
4.499466973858285979e-01
7.743507997675961319e-01
9.029277697742283948e-01
4.898289417050391559e-01
7.475503296166964295e-01
-9.966401259506447730e-01
3.003050682650267311e-01
8.184074051502686631e-01
-9.544306005377849456e-01
9.901291816227361098e-01
-6.911758372005305517e-01
1.773483787943827550e-02
9.979365043853265504e-01
6.305502348761719000e-01
-2.413763889686707242e-01
-2.051579870711476572e-01
-3.617454378654021835e-02
1.520280729543077580e-01
-6.054577222860938468e-01
-3.966293526342573039e-01
-3.536358601006226454e-01
-3.925985278861882644e-01
1.000000000000000000e+00
2.067343513329445714e-01
6.611203729811711005e-01
-7.797544951771950839e-01
-1.281165625693085064e-01
-6.338917574734442839e-01
2.722431519291569277e-02
7.825192483008304445e-02
-9.590774967220264680e-01
-5.739349197376490963e-01
9.825133003335785320e-01
-7.917741075666100414e-01
5.010216033552751247e-01
2.157436514703311714e-01
4.345567647337241213e-01
3.394632920821891719e-01
-1.295249516630613829e-01
-1.000000000000000000e+00
-9.466344713667883548e-01
-4.583128876696825893e-01
-4.051001275177310568e-01
-4.817597181459292721e-01
7.942095001592808234e-02
8.098042327155356990e-01
1.000000000000000000e+00
-6.525766786138508246e-01
-5.423275123307996770e-01
1.102223588287599143e-01
-6.519569491123257399e-02
2.291257248573600608e-02
-2.322745579680391415e-01
-6.052975826441361340e-01
6.700486088151860198e-01
-1.000000000000000000e+00
-7.452075302651810507e-01
-7.983290515413138388e-01
-8.419240149566848963e-01
1.616418679308113393e-01
-3.220178126868301627e-01
5.414047876832186468e-01
-8.207863618372684966e-01
-1.000000000000000000e+00
-1.000000000000000000e+00
-1.000000000000000000e+00
5.300225453468301318e-01
-1.596114882078183139e-01
-1.358164129825567279e-01
-8.256099520837890671e-01
1.000000000000000000e+00
-7.092880134763382971e-01
-2.017803450615257288e-01
-2.205273432418569379e-01
-3.594222075242872738e-01
-1.000000000000000000e+00
-1.000000000000000000e+00
-8.318368001649711907e-01
-9.283848379334243006e-01
6.048301906934063776e-01
-9.993215052017064837e-01
3.502163868607798825e-01
-8.915191351273611398e-01
-9.553726929097822174e-01
-2.273701198483523978e-01
-9.991459155705365580e-01
2.816769107552165030e-01
2.979947631794248597e-01
2.669867344843777079e-01
3.693489221521530363e-01
3.262608805780496946e-01
1.000000000000000000e+00
1.532285405786633081e-01
-9.119494668038503615e-01
-4.355687969412899707e-02
8.083463996033173338e-01
8.708729307557834254e-01
4.949377213392887054e-01
-3.913279353872929633e-02
-7.085454063924973012e-02
-7.172654735477491939e-02
1.000000000000000000e+00
-1.000000000000000000e+00
-1.000000000000000000e+00
-7.252945568789302966e-01
-6.612665290991425193e-01
2.470027057342520094e-01
-2.144312802299375986e-01
-1.959643194482366679e-01
-4.377592382643559210e-01
9.688952138928942359e-01
1.000000000000000000e+00
8.866101712679251845e-01
1.649677728394892406e-01
9.502109719066457183e-01
-5.910243258801695099e-01
-2.964535752363938181e-01
-4.033990286131753367e-01
-9.832919000965911760e-01
1.000000000000000000e+00
4.681075029467952620e-01
-1.000000000000000000e+00
-4.042263279533817588e-01
-1.000000000000000000e+00
-9.998776479219215751e-01
1.000000000000000000e+00
7.815285051474661904e-01
-3.873491977659380137e-01
-3.014329677333384833e-02
-9.785789847825862031e-01
-2.365041475225231338e-01
3.565914588713873234e-01
-9.203863192088594658e-03
1.370740284787580476e-01
-7.750175093137188220e-01
-3.798571556477446931e-01
-9.698907149874854694e-01
-9.684603114010256197e-01
-6.777463156886253115e-01
-9.990620262840487209e-01
2.047998849302802848e-01
-9.887098355943231276e-01
-2.637038544466137058e-01
7.044878954866237164e-01
3.873524950380936582e-01
-5.051946822420501082e-01
-4.571170069263122415e-01
9.896916327573566929e-02
4.175585810212728566e-02
-7.618503936430173207e-01
1.000000000000000000e+00
2.013459080334563944e-01
1.000000000000000000e+00
-3.647677228872894251e-01
-3.462781018307461434e-01
1.060494735461655312e-02
-3.604985658809307103e-01
4.645263243848507528e-01
-8.063275093816731909e-01
1.000000000000000000e+00
2.115116590631449800e-01
-1.000000000000000000e+00
-1.000000000000000000e+00
-9.706505409707391063e-01
2.059783647472321899e-01
-3.551874609506377456e-01
-7.470342662919668419e-03
-1.242538062118509756e-01
-9.638695832910635364e-01
-7.363175604708217525e-01
-7.390522882702815766e-01
8.392647341147904116e-01
-1.484132630681730125e-01
-6.886401531442162272e-01
-4.780241241543264907e-01
-1.437592382493959320e-01
-9.455878097967008733e-01
-7.343587979057183412e-01
1.401491260101324007e-02
8.993795509705612146e-01
8.892655398332856009e-01
1.436588962806340242e-01
9.004195269717171213e-01
9.815883497311975736e-01
2.702301364239602099e-01
8.745294739235861536e-01
7.812965385034362775e-01
1.000000000000000000e+00
5.579252041255204908e-01
1.000000000000000000e+00
8.172905565590133925e-01
1.000000000000000000e+00
-7.250293993453947594e-02
1.509976945243199364e-01
-1.898601996808739478e-01
5.867664443317049949e-01
3.457467647052004933e-01
-2.709794197256329973e-01
5.636381512836807772e-01
-9.908982205609644378e-01
-9.154020042122044121e-01
6.160240422726026566e-01
1.967774562608076150e-01
-1.603483052816978838e-01
6.657560008347078451e-02
-1.912808022945130526e-01
2.247803681012482402e-01
9.177981369865449990e-01
-1.794465961960355072e-01
-2.800861453553668001e-01
-1.956403728434799316e-01
-4.905865419573398056e-01
3.564667315472050402e-01
-1.000000000000000000e+00
6.531992111092967956e-01
1.000000000000000000e+00
3.308318956392083399e-01
9.231832140142454124e-01
3.207474437920972421e-01
-5.237402030849348522e-01
-1.000000000000000000e+00
7.911909706610665838e-01
-3.592929032313058046e-01
-8.183061968049110124e-01
3.121986765837922451e-01
1.000000000000000000e+00
-1.846902875604186089e-01
2.542506891027114801e-01
-9.737082522315166910e-01
-9.121068909843720318e-01
7.526936562789147966e-02
-9.516967621209777572e-01
-7.485265218176962998e-01
-8.025320450992151633e-01
3.889851190161610073e-01
9.937159290556422109e-01
3.435321504201467313e-01
3.709869905533147438e-01
7.380763598116479862e-01
3.505599857355212734e-02
4.562532379937331850e-01
7.668117671219163434e-01
8.061318424032843932e-01
2.714345688356806230e-01
7.011220870084093892e-01
6.014726966765266969e-01
3.517020997426817952e-01
3.402218687703040256e-01
5.041353391859559885e-01
4.172453550363224850e-01
-4.582772778278367820e-01
-8.891740869622636323e-01
-9.265077776273573651e-01
-1.277060231809244439e-01
-6.754831404776617809e-01
3.896924658958220711e-01
4.197929103656397043e-01
-3.978945555674078260e-01
-9.724899332401179541e-02
-7.698100142766048926e-01
7.195645817833128122e-02
-3.149238789867319643e-01
-1.566989442584914780e-02
-2.860773526600965400e-01
-1.000000000000000000e+00
4.575080105807733943e-01
1.000000000000000000e+00
-6.732543247598214986e-01
-9.933230674129300830e-01
-1.000000000000000000e+00
3.186078622576702934e-01
-7.513269830630621426e-02
-6.987284891646791118e-01
6.028388516133011132e-02
-2.049578586770501865e-01
-9.679238114694524997e-01
-1.000000000000000000e+00
-1.000000000000000000e+00
-1.000000000000000000e+00
-1.992027044665026503e-01
-1.679576464891330972e-02
-5.623731049639803248e-02
-3.376762370717731332e-01
1.708601435682949587e-01
-3.474711402302262386e-01
-6.161415596735266009e-02
-2.007984065748393554e-01
3.179235168869308792e-01
-5.701658959155493367e-01
1.045459693006377429e-03
-5.903148950224525182e-02
-1.000000000000000000e+00
-8.328429167867875682e-01
9.773368850671670938e-01
1.000000000000000000e+00
6.906796668447429122e-01
3.280045487926764869e-01
1.902954701348910371e-01
-6.984310086487828251e-01
-1.000000000000000000e+00
-1.000000000000000000e+00
-6.448085873176259142e-01
-9.667765529742505803e-01
-6.169917476181411287e-01
-8.094992530528118957e-01
-8.853003686078551038e-01
5.464773414919154026e-01
-8.158940997418089036e-02
-5.858686760889412204e-01
-1.000000000000000000e+00
-6.480658487428679893e-01
8.067953981177938827e-01
-2.696342837600553266e-01
7.555667328092716128e-02
-8.008770591602321076e-02
-2.773125102148307763e-01
4.029690158828395097e-01
1.410471707521705580e-02
-3.993459939672568820e-02
-7.424961410685650964e-01
6.852438907422323533e-01
-3.786240358902321357e-01
8.952153903517817701e-01
-1.392352304281708752e-01
4.352600235383585203e-01
7.335724666110334802e-01
-1.518910296577386243e-01
1.638984008510136203e-01
4.574435842431380239e-01
-1.663982330627102602e-01
9.660209892271259813e-01
9.503672922727449124e-02
-3.514106845005766644e-01
4.084000453428911492e-01
1.000000000000000000e+00
9.687583181116737885e-01
1.613985279338578382e-01
8.367381084277046577e-02
3.609262928690896710e-01
2.613310651054459033e-01
6.052097872771158293e-01
5.382430453798731085e-01
3.303570328362216979e-01
-3.223219300422629219e-02
3.000687542554409393e-01
8.530590465065677197e-01
-9.716158710232868090e-02
5.094530897890642285e-01
3.978678009418406547e-01
-6.139185932461052597e-02
4.055061564770032212e-01
1.000000000000000000e+00
1.797411711494780462e-01
-6.031960204187728491e-01
-9.460648031349557785e-01
8.958404022369836905e-01
-2.429051845069772619e-01
-9.332368023976929106e-01
-7.884455512859576132e-01
8.472697988658338675e-01
-9.648860015885762920e-02
-4.967059944084853407e-01
-3.933924988867275596e-01
-2.689543078137840992e-01
-9.969611790613265301e-01
-7.643418817108906804e-01
