7.724657224919777299e-02
1.848451399168058729e-01
9.851734333003181465e-01
5.753764386157824706e-01
3.493511061791558237e-01
4.636722950387817122e-02
2.191337417659168008e-04
3.945498293965261083e-01
-3.740084804697948462e-01
-3.176610324768465721e-01
-2.970006606778844427e-01
-3.097016732878780099e-01
-3.245300101706430906e-01
-5.384105357564535899e-01
-6.966084353632413517e-01
-8.132543696228398122e-01
-5.649980716698096428e-01
-2.702657039025072039e-01
-2.670884293335586412e-01
-1.430756502982432621e-01
3.897609842450487916e-01
1.836193256974925081e-01
2.081904886719218861e-01
-3.309279469822397624e-01
-1.964668957214909251e-01
-8.825146044859205618e-02
-8.860498814768937026e-02
-1.609487322710320134e-01
-2.465601120271501689e-01
-2.168383082375395232e-01
-2.717060978020022777e-01
-3.082320295023209256e-01
-3.469930905540323796e-01
7.531759799781291564e-02
9.615675578837586945e-01
-2.518671975666695872e-01
7.674958860894464108e-01
9.895728827234431257e-01
6.321610914618568389e-01
2.381344955069211455e-01
8.663041017330855298e-02
-1.450072154266211777e-01
-4.595012504090612016e-01
-9.600577899563866868e-01
-5.761466363756644060e-02
6.847593671875196186e-02
-3.305984662424459319e-01
-9.441035744590690060e-01
1.000000000000000000e+00
6.352397537180879405e-01
3.515987573204462646e-01
1.000000000000000000e+00
8.141055492268258753e-01
-9.998042609820406712e-01
-7.984653870990605640e-01
-9.990071483389475482e-01
2.558471155160587859e-02
7.270330146480639133e-01
7.756001525552438935e-02
3.537379798150062093e-01
-1.035729049105208743e-01
-9.923680623734867368e-01
-9.438761280403261678e-01
-5.617711551658838287e-01
8.048381629537362247e-01
9.998162631562953484e-01
6.796690556170245090e-01
-7.945234074259660551e-01
-4.226924910839434668e-01
1.000000000000000000e+00
7.126306105618165354e-01
2.256186070809152733e-01
-5.809614426138538512e-01
-4.283335224496537252e-01
1.365621420824736365e-01
1.000000000000000000e+00
6.688064374812809909e-01
7.235664961640021486e-01
-1.000000000000000000e+00
-6.059403185976665052e-01
-9.502356209678352039e-01
-4.712848590403991289e-01
8.354343398958383737e-01
5.689059470785499117e-01
5.181459904717862219e-01
4.317265763148273594e-01
1.000000000000000000e+00
-7.940892246032779100e-01
-3.437736997485443258e-01
-1.317280658218806903e-02
7.939686513009879265e-01
9.637426069558804320e-01
1.000000000000000000e+00
4.522763262460871014e-01
9.837090295377253213e-01
-6.317447084358712717e-01
1.000000000000000000e+00
1.000000000000000000e+00
1.000000000000000000e+00
1.273532489196048390e-02
-5.214906779834142109e-02
2.988874152400237127e-01
4.453573997679033392e-02
-8.662871813786225950e-01
-5.659633742353566976e-01
2.460658258927836406e-01
6.679968238242427470e-01
2.741939223782490220e-01
2.830456095481232448e-01
9.337530269129763472e-01
7.756845734240503942e-01
1.000000000000000000e+00
-3.154202778541440044e-01
-5.125799794063449211e-01
-1.000000000000000000e+00
-9.534253424854138848e-01
-1.961040551318903591e-01
4.447700259545979695e-01
9.911191181778692405e-01
9.037697953691776753e-01
4.516271711125359745e-01
9.472988327189935109e-01
-4.303901624430380712e-01
8.825814835886153231e-01
9.995528629157970357e-01
9.728134202711277156e-01
-3.257841534205966894e-01
-3.291667199574673797e-01
-3.925431052014939914e-01
1.000000000000000000e+00
6.682604749769472940e-01
-3.564701182130565194e-01
-2.447128296487026677e-01
-4.240598928473846008e-01
-9.103763723041525813e-01
-2.892572670246326694e-01
4.705756586679333761e-03
-4.653657368362328905e-01
-1.475415217659781231e-01
1.961785153578006480e-01
4.040561911092038772e-01
2.757323769265483948e-01
1.175859206894642323e-01
1.000000000000000000e+00
1.000000000000000000e+00
-3.470347531132605967e-01
-2.656745495892155751e-03
1.000000000000000000e+00
1.000000000000000000e+00
8.117640530596316184e-01
-7.707300952303212105e-01
-9.088023069412026755e-01
9.893303033388418655e-01
9.895569921238570599e-01
8.978688514596337988e-01
8.663873873885719057e-01
3.776994025041271463e-01
8.920696396773231118e-01
9.826236161446294526e-01
2.458737918693163493e-01
-2.029928893827185887e-01
7.434210557430400712e-01
7.546919780005442169e-01
9.993924373272300432e-01
-5.518671401781154867e-02
3.841544708040050410e-02
1.947272991961666033e-01
3.554903805770907865e-02
1.000000000000000000e+00
-3.109313760788887104e-01
2.095612951198055560e-02
2.117085979211935087e-01
4.108458303437985681e-01
5.743279784284820444e-01
9.996212404227240444e-01
-4.098526038899582558e-01
2.567585166467417634e-01
1.000000000000000000e+00
8.948315816426515301e-01
6.847134513100236464e-02
-3.543980277454527594e-01
8.128720625167005220e-01
7.030529377202511254e-01
1.000000000000000000e+00
9.901829764414363799e-01
1.000000000000000000e+00
7.128895133632756620e-01
2.400873380408586888e-01
1.000000000000000000e+00
1.423930101576523222e-01
-3.552898590326865058e-01
5.320006775584913417e-01
7.892235174738513326e-01
-3.756648724032925490e-01
-9.453317940964697796e-02
-1.175391691045586384e-01
-6.859161907783857259e-01
-5.676848289208655807e-01
-1.000000000000000000e+00
9.981464881128544464e-01
1.000000000000000000e+00
9.999295878424278028e-01
9.999456222713405396e-01
1.000000000000000000e+00
1.000000000000000000e+00
1.000000000000000000e+00
2.921548378344103747e-01
2.406007703209377957e-01
-6.705664352326489164e-01
9.880854590722913944e-01
6.630451413317054454e-01
9.728160907185383621e-01
9.934940160391607655e-01
2.185553652735640062e-01
2.228233752824596015e-01
-2.679278674778381997e-01
6.074601054668875288e-02
6.327585212957488603e-02
2.678285355966870118e-01
1.322179830045760174e-01
1.731241848315616394e-01
-1.091947738970840964e-01
2.453170858144159971e-01
3.819647663088639178e-02
3.643223325098507437e-02
-3.354508254912941245e-01
3.941868695897099983e-01
4.460873168697398472e-01
3.688136902336044270e-02
-2.639994742066628652e-01
8.950164466977346134e-01
8.974686752452978311e-01
1.000000000000000000e+00
1.908562205122623368e-01
7.655309830530135362e-02
6.313593934608593972e-02
2.084120644083385654e-01
8.071743057846933467e-02
-5.273384387304560356e-02
-5.048506188333667932e-02
-5.085208294535251833e-02
-4.676634515723276236e-02
9.586235979896602644e-02
1.722268882178770444e-01
3.390480922396296726e-02
1.771274065020120997e-02
5.264968992300077255e-02
9.564688280508059082e-01
7.764740594075161262e-01
4.692034875932753479e-01
-3.439964557179915339e-01
-6.256573330489151319e-01
-1.000000000000000000e+00
-5.269077848805797659e-01
-4.406052382519786148e-01
1.000000000000000000e+00
1.000000000000000000e+00
1.000000000000000000e+00
9.932758920524608071e-01
4.674071140473853303e-01
1.899585969298515364e-01
-5.471437233940833478e-01
9.061437457362307712e-02
-4.034297484256794686e-01
-1.000000000000000000e+00
9.406128467623207090e-01
1.000000000000000000e+00
1.000000000000000000e+00
1.000000000000000000e+00
9.993944830818015657e-01
1.000000000000000000e+00
4.630905675053301751e-01
7.238878258889953621e-01
9.342111431976387603e-01
6.629999172907288241e-01
1.000000000000000000e+00
2.870736136200190414e-01
1.509029975680747059e-02
-9.394489224179612963e-01
6.038868701186096422e-01
1.955905106472854704e-01
3.646335942067141511e-01
3.593462108903881513e-01
5.626954008962616882e-01
6.904639124517930604e-01
1.000000000000000000e+00
1.000000000000000000e+00
1.000000000000000000e+00
1.000000000000000000e+00
-1.511962783077930028e-01
-8.495185471259081300e-02
-1.294845327821930181e-01
5.181410181572417006e-02
1.000000000000000000e+00
7.610084179865757026e-01
5.081610941081193822e-01
8.454685862428024112e-01
1.000000000000000000e+00
1.000000000000000000e+00
2.593374667350252238e-01
2.040246077907625633e-01
4.251394771568665076e-01
6.415669266451201613e-02
-3.826019927613265592e-01
1.000000000000000000e+00
2.506663089866088476e-02
1.166247146733893764e-01
-3.376375781615932326e-01
-4.549136825415822094e-01
7.552086726011780771e-02
9.784160605952693102e-01
5.233163909160022387e-01
2.991077176466396814e-01
7.794835972029023896e-01
5.375987470592012984e-01
6.235350842044070641e-01
-7.791653766810288095e-01
-8.381596303546359206e-01
-1.869968355030555140e-01
9.901100638495835549e-01
9.175955820831881438e-01
8.653872641357356343e-01
-6.964810298091236862e-02
-4.385029566477436913e-01
-5.925772130893501854e-01
-4.048750490761374721e-01
